Email;Framecount;FrameCount;Head.pos.x;Head.pos.y;Head.pos.z;Head.rot.w;Head.rot.x;Head.rot.y;Head.rot.z;IndexDistalJoint.pos.x;IndexDistalJoint.pos.y;IndexDistalJoint.pos.z;IndexDistalJoint.rot.w;IndexDistalJoint.rot.x;IndexDistalJoint.rot.y;IndexDistalJoint.rot.z;IndexKnuckle.pos.x;IndexKnuckle.pos.y;IndexKnuckle.pos.z;IndexKnuckle.rot.w;IndexKnuckle.rot.x;IndexKnuckle.rot.y;IndexKnuckle.rot.z;IndexMetacarpal.pos.x;IndexMetacarpal.pos.y;IndexMetacarpal.pos.z;IndexMetacarpal.rot.w;IndexMetacarpal.rot.x;IndexMetacarpal.rot.y;IndexMetacarpal.rot.z;IndexMiddleJoint.pos.x;IndexMiddleJoint.pos.y;IndexMiddleJoint.pos.z;IndexMiddleJoint.rot.w;IndexMiddleJoint.rot.x;IndexMiddleJoint.rot.y;IndexMiddleJoint.rot.z;IndexTip.pos.x;IndexTip.pos.y;IndexTip.pos.z;IndexTip.rot.w;IndexTip.rot.x;IndexTip.rot.y;IndexTip.rot.z;MiddleDistalJoint.pos.x;MiddleDistalJoint.pos.y;MiddleDistalJoint.pos.z;MiddleDistalJoint.rot.w;MiddleDistalJoint.rot.x;MiddleDistalJoint.rot.y;MiddleDistalJoint.rot.z;MiddleKnuckle.pos.x;MiddleKnuckle.pos.y;MiddleKnuckle.pos.z;MiddleKnuckle.rot.w;MiddleKnuckle.rot.x;MiddleKnuckle.rot.y;MiddleKnuckle.rot.z;MiddleMetacarpal.pos.x;MiddleMetacarpal.pos.y;MiddleMetacarpal.pos.z;MiddleMetacarpal.rot.w;MiddleMetacarpal.rot.x;MiddleMetacarpal.rot.y;MiddleMetacarpal.rot.z;MiddleMiddleJoint.pos.x;MiddleMiddleJoint.pos.y;MiddleMiddleJoint.pos.z;MiddleMiddleJoint.rot.w;MiddleMiddleJoint.rot.x;MiddleMiddleJoint.rot.y;MiddleMiddleJoint.rot.z;MiddleTip.pos.x;MiddleTip.pos.y;MiddleTip.pos.z;MiddleTip.rot.w;MiddleTip.rot.x;MiddleTip.rot.y;MiddleTip.rot.z;Palm.pos.x;Palm.pos.y;Palm.pos.z;Palm.rot.w;Palm.rot.x;Palm.rot.y;Palm.rot.z;PinkyDistalJoint.pos.x;PinkyDistalJoint.pos.y;PinkyDistalJoint.pos.z;PinkyDistalJoint.rot.w;PinkyDistalJoint.rot.x;PinkyDistalJoint.rot.y;PinkyDistalJoint.rot.z;PinkyKnuckle.pos.x;PinkyKnuckle.pos.y;PinkyKnuckle.pos.z;PinkyKnuckle.rot.w;PinkyKnuckle.rot.x;PinkyKnuckle.rot.y;PinkyKnuckle.rot.z;PinkyMetacarpal.pos.x;PinkyMetacarpal.pos.y;PinkyMetacarpal.pos.z;PinkyMetacarpal.rot.w;PinkyMetacarpal.rot.x;PinkyMetacarpal.rot.y;PinkyMetacarpal.rot.z;PinkyMiddleJoint.pos.x;PinkyMiddleJoint.pos.y;PinkyMiddleJoint.pos.z;PinkyMiddleJoint.rot.w;PinkyMiddleJoint.rot.x;PinkyMiddleJoint.rot.y;PinkyMiddleJoint.rot.z;PinkyTip.pos.x;PinkyTip.pos.y;PinkyTip.pos.z;PinkyTip.rot.w;PinkyTip.rot.x;PinkyTip.rot.y;PinkyTip.rot.z;RealTimeStamp;RingDistalJoint.pos.x;RingDistalJoint.pos.y;RingDistalJoint.pos.z;RingDistalJoint.rot.w;RingDistalJoint.rot.x;RingDistalJoint.rot.y;RingDistalJoint.rot.z;RingKnuckle.pos.x;RingKnuckle.pos.y;RingKnuckle.pos.z;RingKnuckle.rot.w;RingKnuckle.rot.x;RingKnuckle.rot.y;RingKnuckle.rot.z;RingMetacarpal.pos.x;RingMetacarpal.pos.y;RingMetacarpal.pos.z;RingMetacarpal.rot.w;RingMetacarpal.rot.x;RingMetacarpal.rot.y;RingMetacarpal.rot.z;RingMiddleJoint.pos.x;RingMiddleJoint.pos.y;RingMiddleJoint.pos.z;RingMiddleJoint.rot.w;RingMiddleJoint.rot.x;RingMiddleJoint.rot.y;RingMiddleJoint.rot.z;RingTip.pos.x;RingTip.pos.y;RingTip.pos.z;RingTip.rot.w;RingTip.rot.x;RingTip.rot.y;RingTip.rot.z;SessionID;ThumbDistalJoint.pos.x;ThumbDistalJoint.pos.y;ThumbDistalJoint.pos.z;ThumbDistalJoint.rot.w;ThumbDistalJoint.rot.x;ThumbDistalJoint.rot.y;ThumbDistalJoint.rot.z;ThumbMetacarpalJoint.pos.x;ThumbMetacarpalJoint.pos.y;ThumbMetacarpalJoint.pos.z;ThumbMetacarpalJoint.rot.w;ThumbMetacarpalJoint.rot.x;ThumbMetacarpalJoint.rot.y;ThumbMetacarpalJoint.rot.z;ThumbProximalJoint.pos.x;ThumbProximalJoint.pos.y;ThumbProximalJoint.pos.z;ThumbProximalJoint.rot.w;ThumbProximalJoint.rot.x;ThumbProximalJoint.rot.y;ThumbProximalJoint.rot.z;ThumbTip.pos.x;ThumbTip.pos.y;ThumbTip.pos.z;ThumbTip.rot.w;ThumbTip.rot.x;ThumbTip.rot.y;ThumbTip.rot.z;Timestamp;Wrist.pos.x;Wrist.pos.y;Wrist.pos.z;Wrist.rot.w;Wrist.rot.x;Wrist.rot.y;Wrist.rot.z
NA;197870;1;0.066139;1.495228;0.090043;0.995847;0.042021;-0.071227;0.038073;0.037483;1.499997;0.358792;-0.859032;0.227682;0.426751;0.167658;0.073572;1.458922;0.333060;-0.811434;0.366237;0.416693;0.183880;0.084052;1.402845;0.340473;-0.647091;0.575161;0.410938;0.285646;0.053479;1.486659;0.347325;-0.847121;0.250940;0.442565;0.153467;0.023765;1.512500;0.370418;-0.859032;0.227682;0.426751;0.167658;0.049702;1.441505;0.370768;-0.281514;-0.867132;0.140549;-0.386107;0.088230;1.461604;0.349050;-0.868568;0.061655;0.488872;0.052846;0.095035;1.402956;0.352518;-0.647091;0.575161;0.410938;0.285646;0.052841;1.468272;0.370652;-0.637849;-0.594977;0.379265;-0.308721;0.063810;1.426031;0.358147;-0.281514;-0.867132;0.140549;-0.386107;0.099208;1.416103;0.349113;-0.647091;0.575161;0.410938;0.285646;0.068773;1.425898;0.389051;-0.142636;-0.830143;0.293547;-0.452048;0.100529;1.446399;0.385554;-0.797748;-0.071918;0.596124;0.055336;0.106876;1.403941;0.373250;-0.635476;0.419763;0.431300;0.483683;0.071707;1.444933;0.393937;-0.543774;-0.634939;0.468820;-0.285253;0.082239;1.414278;0.377008;-0.142636;-0.830143;0.293547;-0.452048;2023/05/01 13:57:26.1605;0.059657;1.430917;0.380152;-0.166254;-0.859631;0.202689;-0.438533;0.095697;1.456196;0.367186;-0.851460;-0.022019;0.522217;0.042683;0.105633;1.404390;0.364815;-0.647091;0.575161;0.410938;0.285646;0.061700;1.456466;0.384490;-0.568433;-0.641762;0.414240;-0.305664;0.075352;1.418476;0.367200;-0.166254;-0.859631;0.202689;-0.438533;6e526951-250e-4037-8505-3204f70e406b;0.039883;1.453679;0.335876;-0.730172;0.575140;-0.017056;-0.368474;0.072565;1.399760;0.338217;-0.511173;0.780376;0.065224;-0.354206;0.052861;1.423666;0.331014;-0.704524;0.652695;0.021230;-0.277821;0.030203;1.474593;0.342878;-0.730172;0.575140;-0.017056;-0.368474;11;0.110185;1.370601;0.349175;-0.647091;0.575161;0.410938;0.285646
NA;197871;2;0.066062;1.495233;0.090113;0.995834;0.042051;-0.071258;0.038334;0.036928;1.499728;0.359067;-0.859375;0.227779;0.425882;0.167974;0.072932;1.458627;0.333253;-0.811804;0.366357;0.415792;0.184051;0.083426;1.402547;0.340622;-0.647571;0.575212;0.410359;0.285288;0.052889;1.486375;0.347567;-0.847451;0.251181;0.441668;0.153834;0.023241;1.512237;0.370722;-0.859375;0.227779;0.425882;0.167974;0.049130;1.441220;0.370982;-0.280555;-0.867818;0.140141;-0.385412;0.087616;1.461302;0.349221;-0.868977;0.061678;0.488097;0.053259;0.094429;1.402653;0.352650;-0.647571;0.575212;0.410359;0.285288;0.052269;1.467987;0.370886;-0.637872;-0.595541;0.378893;-0.308043;0.063236;1.425788;0.358307;-0.280555;-0.867818;0.140141;-0.385412;0.098595;1.415801;0.349243;-0.647571;0.575212;0.410359;0.285288;0.068215;1.425611;0.389237;-0.142139;-0.830615;0.293516;-0.451358;0.099973;1.446078;0.385698;-0.798258;-0.071740;0.595398;0.056027;0.106302;1.403627;0.373362;-0.635935;0.419974;0.430676;0.483453;0.071165;1.444641;0.394134;-0.543960;-0.635310;0.468627;-0.284390;0.081672;1.414015;0.377160;-0.142139;-0.830615;0.293516;-0.451358;2023/05/01 13:57:26.1716;0.059100;1.430627;0.380345;-0.165265;-0.860221;0.202282;-0.437938;0.095112;1.455885;0.367343;-0.851889;-0.021989;0.521479;0.043147;0.105046;1.404080;0.364929;-0.647571;0.575212;0.410359;0.285288;0.061145;1.456172;0.384706;-0.568402;-0.642324;0.413887;-0.305019;0.074799;1.418235;0.367351;-0.165265;-0.860221;0.202282;-0.437938;6e526951-250e-4037-8505-3204f70e406b;0.039253;1.453383;0.336148;-0.730776;0.574028;-0.017802;-0.368973;0.071935;1.399464;0.338384;-0.511445;0.779919;0.064894;-0.354879;0.052217;1.423373;0.331229;-0.704906;0.652047;0.020613;-0.278419;0.029604;1.474290;0.343211;-0.730776;0.574028;-0.017802;-0.368973;22;0.109574;1.370299;0.349264;-0.647571;0.575212;0.410359;0.285288
NA;197872;3;0.065979;1.495221;0.090201;0.995863;0.041716;-0.071097;0.038242;0.035436;1.499795;0.359980;-0.860891;0.225577;0.424684;0.166210;0.071586;1.458996;0.333884;-0.813813;0.363716;0.415149;0.181852;0.082466;1.402956;0.340983;-0.650404;0.572964;0.410535;0.283105;0.051423;1.486562;0.348380;-0.849018;0.248864;0.440587;0.152050;0.021727;1.512198;0.371725;-0.860891;0.225577;0.424684;0.166210;0.048035;1.441313;0.371606;-0.276940;-0.869765;0.137425;-0.384614;0.086305;1.461698;0.349814;-0.870080;0.058662;0.486664;0.051753;0.093509;1.403082;0.352973;-0.650404;0.572964;0.410535;0.283105;0.050997;1.468100;0.371627;-0.636076;-0.598812;0.376584;-0.308247;0.062213;1.426058;0.358799;-0.276940;-0.869765;0.137425;-0.384614;0.097579;1.416269;0.349604;-0.650404;0.572964;0.410535;0.283105;0.067266;1.425747;0.389746;-0.139088;-0.832641;0.291476;-0.449895;0.098883;1.446399;0.386184;-0.799317;-0.074821;0.593674;0.055183;0.105445;1.404043;0.373645;-0.639113;0.418015;0.429943;0.481608;0.070113;1.444773;0.394716;-0.542446;-0.638435;0.466352;-0.284024;0.080765;1.414301;0.377574;-0.139088;-0.832641;0.291476;-0.449895;2023/05/01 13:57:26.1838;0.058102;1.430737;0.380895;-0.161694;-0.862079;0.199859;-0.436728;0.093896;1.456252;0.367887;-0.852858;-0.025119;0.519860;0.041813;0.104158;1.404524;0.365218;-0.650404;0.572964;0.410535;0.283105;0.059989;1.456276;0.385368;-0.566554;-0.645521;0.411499;-0.304938;0.073855;1.418532;0.367790;-0.161694;-0.862079;0.199859;-0.436728;6e526951-250e-4037-8505-3204f70e406b;0.037957;1.453527;0.336912;-0.731242;0.571247;-0.016766;-0.372400;0.070986;1.399809;0.338776;-0.512154;0.777899;0.067187;-0.357852;0.051089;1.423623;0.331801;-0.705580;0.649788;0.021915;-0.281874;0.028219;1.474340;0.344132;-0.731242;0.571247;-0.016766;-0.372400;34;0.108853;1.370840;0.349394;-0.650404;0.572964;0.410535;0.283105
NA;197873;4;0.065901;1.495208;0.090296;0.995857;0.041695;-0.071211;0.038197;0.034016;1.499840;0.360851;-0.862282;0.223618;0.423542;0.164550;0.070303;1.459326;0.334490;-0.815700;0.361217;0.414556;0.179720;0.081549;1.403327;0.341335;-0.653072;0.570836;0.410695;0.281023;0.050028;1.486718;0.349158;-0.850466;0.246759;0.439559;0.150351;0.020291;1.512147;0.372676;-0.862282;0.223618;0.423542;0.164550;0.046993;1.441388;0.372206;-0.273520;-0.871588;0.134836;-0.383849;0.085056;1.462054;0.350386;-0.871112;0.055858;0.485295;0.050330;0.092631;1.403473;0.353290;-0.653072;0.570836;0.410695;0.281023;0.049787;1.468192;0.372337;-0.634376;-0.601891;0.374379;-0.308441;0.061239;1.426302;0.359275;-0.273520;-0.871588;0.134836;-0.383849;0.096608;1.416697;0.349957;-0.653072;0.570836;0.410695;0.281023;0.066362;1.425863;0.390237;-0.136220;-0.834541;0.289517;-0.448516;0.097843;1.446687;0.386654;-0.800318;-0.077671;0.592032;0.054375;0.104626;1.404423;0.373923;-0.642110;0.416166;0.429245;0.479843;0.069111;1.444885;0.395276;-0.541024;-0.641366;0.464176;-0.283696;0.079901;1.414559;0.377978;-0.136220;-0.834541;0.289517;-0.448516;2023/05/01 13:57:26.1939;0.057151;1.430830;0.381426;-0.158347;-0.863813;0.197556;-0.435574;0.092738;1.456582;0.368412;-0.853768;-0.028032;0.518316;0.040545;0.103309;1.404930;0.365502;-0.653072;0.570836;0.410695;0.281023;0.058889;1.456360;0.386003;-0.564817;-0.648520;0.409221;-0.304864;0.072953;1.418801;0.368218;-0.158347;-0.863813;0.197556;-0.435574;6e526951-250e-4037-8505-3204f70e406b;0.036725;1.453645;0.337650;-0.731690;0.568556;-0.015846;-0.375663;0.070080;1.400120;0.339158;-0.512818;0.775955;0.069326;-0.360702;0.050014;1.423842;0.332357;-0.706201;0.647629;0.023107;-0.285172;0.026906;1.474367;0.345022;-0.731690;0.568556;-0.015846;-0.375663;44;0.108160;1.371339;0.349527;-0.653072;0.570836;0.410695;0.281023
NA;197874;5;0.065787;1.495155;0.090353;0.995856;0.041902;-0.071145;0.038123;0.032658;1.499866;0.361686;-0.863571;0.221864;0.422444;0.162980;0.069074;1.459623;0.335078;-0.817486;0.358834;0.414001;0.177646;0.080666;1.403667;0.341682;-0.655604;0.568806;0.410841;0.279021;0.048690;1.486848;0.349907;-0.851815;0.244836;0.438574;0.148728;0.018919;1.512085;0.373586;-0.863571;0.221864;0.422444;0.162980;0.045994;1.441447;0.372786;-0.270248;-0.873314;0.132346;-0.383110;0.083859;1.462378;0.350939;-0.872087;0.053230;0.483975;0.048980;0.091786;1.403834;0.353602;-0.655604;0.568806;0.410841;0.279021;0.048629;1.468268;0.373022;-0.632752;-0.604814;0.372258;-0.308626;0.060305;1.426525;0.359736;-0.270248;-0.873314;0.132346;-0.383110;0.095675;1.417091;0.350301;-0.655604;0.568806;0.410841;0.279021;0.065495;1.425963;0.390714;-0.133498;-0.836337;0.287624;-0.447204;0.096846;1.446948;0.387109;-0.801271;-0.080330;0.590457;0.053599;0.103838;1.404773;0.374196;-0.644959;0.414405;0.428575;0.478143;0.068151;1.444981;0.395818;-0.539675;-0.644140;0.462082;-0.283398;0.079071;1.414794;0.378372;-0.133498;-0.836337;0.287624;-0.447204;2023/05/01 13:57:26.2056;0.056239;1.430906;0.381941;-0.155171;-0.865449;0.195346;-0.434466;0.091627;1.456883;0.368921;-0.854630;-0.030764;0.516832;0.039334;0.102492;1.405304;0.365781;-0.655604;0.568806;0.410841;0.279021;0.057835;1.456428;0.386617;-0.563167;-0.651358;0.407032;-0.304798;0.072086;1.419047;0.368634;-0.155171;-0.865449;0.195346;-0.434466;6e526951-250e-4037-8505-3204f70e406b;0.035544;1.453741;0.338367;-0.732128;0.565931;-0.015025;-0.378794;0.069208;1.400403;0.339534;-0.513446;0.774073;0.071338;-0.363450;0.048982;1.424036;0.332901;-0.706781;0.645549;0.024207;-0.288344;0.025652;1.474374;0.345887;-0.732128;0.565931;-0.015025;-0.378794;56;0.107492;1.371804;0.349664;-0.655604;0.568806;0.410841;0.279021
NA;197875;6;0.065681;1.495088;0.090390;0.995836;0.042273;-0.071273;0.037999;0.033501;1.499938;0.362504;-0.863991;0.220461;0.421684;0.164621;0.069843;1.459757;0.335701;-0.818247;0.357354;0.413146;0.179109;0.081255;1.403740;0.342097;-0.656281;0.568349;0.409245;0.280703;0.049507;1.486946;0.350661;-0.852333;0.243342;0.437853;0.150324;0.019790;1.512131;0.374463;-0.863991;0.220461;0.421684;0.164621;0.046723;1.441574;0.373358;-0.268832;-0.873830;0.134021;-0.382346;0.084644;1.462405;0.351564;-0.872164;0.053082;0.483594;0.051473;0.092381;1.403827;0.354012;-0.656281;0.568349;0.409245;0.280703;0.049450;1.468384;0.373680;-0.632380;-0.605255;0.373666;-0.306817;0.060996;1.426677;0.360239;-0.268832;-0.873830;0.134021;-0.382346;0.096312;1.417083;0.350756;-0.656281;0.568349;0.409245;0.280703;0.066166;1.425947;0.391225;-0.132474;-0.836227;0.289791;-0.446315;0.097598;1.446801;0.387672;-0.801240;-0.080323;0.590234;0.056460;0.104446;1.404651;0.374602;-0.645034;0.414045;0.426870;0.479875;0.068901;1.444936;0.396397;-0.539208;-0.644286;0.463722;-0.281268;0.079705;1.414789;0.378834;-0.132474;-0.836227;0.289791;-0.446315;2023/05/01 13:57:26.2168;0.056940;1.430970;0.382468;-0.153600;-0.865642;0.197126;-0.433836;0.092403;1.456819;0.369523;-0.854656;-0.030826;0.516566;0.042094;0.103098;1.405218;0.366190;-0.656281;0.568349;0.409245;0.280703;0.058621;1.456468;0.387240;-0.562521;-0.651803;0.408559;-0.302989;0.072763;1.419142;0.369106;-0.153600;-0.865642;0.197126;-0.433836;6e526951-250e-4037-8505-3204f70e406b;0.036283;1.453957;0.339045;-0.734870;0.562888;-0.016041;-0.377977;0.069785;1.400521;0.339945;-0.515460;0.773025;0.070699;-0.362953;0.049619;1.424236;0.333420;-0.708757;0.643724;0.023338;-0.287643;0.026506;1.474584;0.346731;-0.734870;0.562888;-0.016041;-0.377977;67;0.107980;1.371760;0.349948;-0.656281;0.568349;0.409245;0.280703
NA;197876;7;0.065583;1.495003;0.090423;0.995796;0.042820;-0.071570;0.037876;0.032181;1.499983;0.362381;-0.864162;0.219749;0.422381;0.162880;0.068723;1.459969;0.335596;-0.818570;0.356271;0.414216;0.177309;0.080319;1.403988;0.341987;-0.656653;0.567612;0.410322;0.279747;0.048250;1.487060;0.350548;-0.852520;0.242393;0.438634;0.148508;0.018415;1.512127;0.374328;-0.864162;0.219749;0.422381;0.162880;0.045653;1.441756;0.373242;-0.267669;-0.874128;0.132358;-0.383060;0.083508;1.462667;0.351466;-0.872111;0.052752;0.483849;0.050302;0.091437;1.404111;0.353909;-0.656653;0.567612;0.410322;0.279747;0.048291;1.468575;0.373564;-0.631785;-0.605798;0.372812;-0.308007;0.059995;1.426929;0.360118;-0.267669;-0.874128;0.132358;-0.383060;0.095326;1.417383;0.350663;-0.656653;0.567612;0.410322;0.279747;0.065120;1.426182;0.391130;-0.131447;-0.836602;0.288381;-0.446827;0.096498;1.447105;0.387579;-0.801249;-0.080835;0.590248;0.055434;0.103490;1.404978;0.374513;-0.645730;0.413236;0.427692;0.478904;0.067803;1.445179;0.396299;-0.538813;-0.644801;0.462931;-0.282145;0.078709;1.415076;0.378745;-0.131447;-0.836602;0.288381;-0.446827;2023/05/01 13:57:26.2274;0.055901;1.431182;0.382358;-0.152165;-0.865988;0.195372;-0.434443;0.091278;1.457106;0.369428;-0.854629;-0.031225;0.516676;0.040978;0.102144;1.405540;0.366100;-0.656653;0.567612;0.410322;0.279747;0.057491;1.456686;0.387134;-0.561829;-0.652474;0.407610;-0.304106;0.071789;1.419439;0.368998;-0.152165;-0.865988;0.195372;-0.434443;6e526951-250e-4037-8505-3204f70e406b;0.035215;1.454073;0.338829;-0.734307;0.563347;-0.014718;-0.378440;0.068863;1.400730;0.339819;-0.514737;0.773369;0.072149;-0.362963;0.048645;1.424386;0.333247;-0.708146;0.644173;0.024838;-0.288018;0.025371;1.474677;0.346492;-0.734307;0.563347;-0.014718;-0.378440;78;0.107144;1.372099;0.349860;-0.656653;0.567612;0.410322;0.279747
NA;197877;8;0.065519;1.494922;0.090462;0.995760;0.043132;-0.071721;0.038170;0.030888;1.500014;0.362295;-0.864352;0.219058;0.423014;0.161145;0.067626;1.460169;0.335523;-0.818926;0.355174;0.415231;0.175487;0.079408;1.404223;0.341898;-0.657089;0.566855;0.411333;0.278774;0.047018;1.487160;0.350471;-0.852733;0.241447;0.439354;0.146688;0.017070;1.512109;0.374232;-0.864352;0.219058;0.423014;0.161145;0.044612;1.441920;0.373157;-0.266470;-0.874464;0.130706;-0.383697;0.082398;1.462913;0.351398;-0.872096;0.052366;0.484035;0.049159;0.090518;1.404380;0.353826;-0.657089;0.566855;0.411333;0.278774;0.047161;1.468747;0.373484;-0.631170;-0.606411;0.371928;-0.309128;0.059021;1.427165;0.360025;-0.266470;-0.874464;0.130706;-0.383697;0.094365;1.417669;0.350593;-0.657089;0.566855;0.411333;0.278774;0.064106;1.426397;0.391063;-0.130403;-0.837013;0.286979;-0.447267;0.095428;1.447390;0.387513;-0.801295;-0.081384;0.590204;0.054433;0.102563;1.405288;0.374443;-0.646481;0.412422;0.428434;0.477928;0.066737;1.445401;0.396230;-0.538422;-0.645359;0.462112;-0.282959;0.077743;1.415344;0.378683;-0.130403;-0.837013;0.286979;-0.447267;2023/05/01 13:57:26.2396;0.054892;1.431375;0.382278;-0.150708;-0.866368;0.193635;-0.434970;0.090181;1.457376;0.369362;-0.854636;-0.031681;0.516723;0.039884;0.101217;1.405846;0.366030;-0.657089;0.566855;0.411333;0.278774;0.056391;1.456883;0.387062;-0.561126;-0.653200;0.406632;-0.305153;0.070842;1.419717;0.368917;-0.150708;-0.866368;0.193635;-0.434970;6e526951-250e-4037-8505-3204f70e406b;0.034176;1.454180;0.338632;-0.733677;0.563927;-0.013339;-0.378850;0.067966;1.400924;0.339715;-0.514055;0.773708;0.073583;-0.362918;0.047698;1.424526;0.333097;-0.707527;0.644654;0.026353;-0.288328;0.024262;1.474761;0.346265;-0.733677;0.563927;-0.013339;-0.378850;90;0.106331;1.372424;0.349788;-0.657089;0.566855;0.411333;0.278774
NA;197878;9;0.065455;1.494866;0.090519;0.995732;0.043463;-0.071865;0.038253;0.029890;1.500222;0.360851;-0.863205;0.219526;0.425664;0.159677;0.066904;1.460435;0.334371;-0.817759;0.355098;0.418127;0.174202;0.078758;1.404534;0.341013;-0.655240;0.567084;0.413977;0.278747;0.046122;1.487388;0.349143;-0.851559;0.241628;0.442042;0.145127;0.015981;1.512316;0.372680;-0.863205;0.219526;0.425664;0.159677;0.043738;1.442350;0.371970;-0.267181;-0.873236;0.129581;-0.386371;0.081594;1.463268;0.350306;-0.870814;0.054160;0.486274;0.047832;0.089808;1.404757;0.352994;-0.655240;0.567084;0.413977;0.278747;0.046247;1.469182;0.372193;-0.631345;-0.604558;0.372370;-0.311856;0.058247;1.427586;0.358958;-0.267181;-0.873236;0.129581;-0.386371;0.093646;1.418042;0.349735;-0.655240;0.567084;0.413977;0.278747;0.063183;1.426898;0.390019;-0.130144;-0.836076;0.285387;-0.450104;0.094478;1.447909;0.386543;-0.800116;-0.080244;0.592113;0.052713;0.101751;1.405769;0.373673;-0.645072;0.412134;0.431300;0.477502;0.065748;1.445926;0.395136;-0.538051;-0.644255;0.462281;-0.285889;0.076920;1.415853;0.377743;-0.130144;-0.836076;0.285387;-0.450104;2023/05/01 13:57:26.2497;0.053993;1.431862;0.381178;-0.150935;-0.865290;0.192151;-0.437687;0.089300;1.457814;0.368328;-0.853513;-0.029940;0.518783;0.038531;0.100445;1.406292;0.365251;-0.655240;0.567084;0.413977;0.278747;0.055429;1.457390;0.385874;-0.561109;-0.651728;0.406907;-0.307952;0.070044;1.420208;0.367935;-0.150935;-0.865290;0.192151;-0.437687;6e526951-250e-4037-8505-3204f70e406b;0.033466;1.454392;0.337319;-0.733176;0.565267;-0.012051;-0.377864;0.067335;1.401204;0.338779;-0.511931;0.775698;0.074986;-0.361380;0.047061;1.424740;0.331951;-0.706160;0.646546;0.028175;-0.287267;0.023512;1.474980;0.344880;-0.733176;0.565267;-0.012051;-0.377864;100;0.105699;1.372816;0.349164;-0.655240;0.567084;0.413977;0.278747
NA;197879;10;0.065418;1.494825;0.090615;0.995708;0.043503;-0.072065;0.038476;0.029182;1.500530;0.361490;-0.864273;0.216680;0.424949;0.159688;0.066260;1.460986;0.334743;-0.819177;0.352495;0.417544;0.174220;0.078113;1.405061;0.341193;-0.656304;0.566223;0.413185;0.279168;0.045436;1.487811;0.349688;-0.852734;0.238585;0.441444;0.145085;0.015258;1.512524;0.373405;-0.864273;0.216680;0.424949;0.159688;0.043128;1.442851;0.372306;-0.265552;-0.873953;0.130058;-0.385712;0.080966;1.463766;0.350673;-0.871102;0.053470;0.485707;0.049098;0.089173;1.405245;0.353165;-0.656304;0.566223;0.413185;0.279168;0.045652;1.469681;0.372612;-0.630651;-0.605618;0.372706;-0.310800;0.057627;1.428140;0.359224;-0.265552;-0.873953;0.130058;-0.385712;0.093011;1.418541;0.349949;-0.656304;0.566223;0.413185;0.279168;0.062577;1.427329;0.390297;-0.128785;-0.836471;0.286210;-0.449237;0.093882;1.448293;0.386850;-0.800351;-0.080809;0.591572;0.054325;0.101137;1.406192;0.373840;-0.645888;0.411386;0.430214;0.478024;0.065160;1.446337;0.395475;-0.537312;-0.645140;0.462708;-0.284590;0.076302;1.416326;0.377970;-0.128785;-0.836471;0.286210;-0.449237;2023/05/01 13:57:26.2604;0.053383;1.432342;0.381478;-0.149283;-0.865780;0.192779;-0.437009;0.088688;1.458256;0.368670;-0.853753;-0.030485;0.518240;0.040039;0.099823;1.406742;0.365422;-0.656304;0.566223;0.413185;0.279168;0.054838;1.457853;0.386256;-0.560320;-0.652680;0.407332;-0.306807;0.069427;1.420744;0.368178;-0.149283;-0.865780;0.192779;-0.437009;6e526951-250e-4037-8505-3204f70e406b;0.032861;1.454951;0.337669;-0.734506;0.563670;-0.011909;-0.377672;0.066689;1.401738;0.338953;-0.513150;0.774978;0.075250;-0.361142;0.046429;1.425307;0.332194;-0.707390;0.645289;0.028250;-0.287060;0.022937;1.475521;0.345318;-0.734506;0.563670;-0.011909;-0.377672;111;0.105056;1.373316;0.349225;-0.656304;0.566223;0.413185;0.279168
NA;197880;11;0.065401;1.494796;0.090728;0.995708;0.043402;-0.072082;0.038549;0.028449;1.500783;0.362141;-0.865441;0.213530;0.424228;0.159526;0.065604;1.461508;0.335113;-0.820684;0.349712;0.416963;0.174132;0.077469;1.405563;0.341375;-0.657375;0.565353;0.412453;0.279494;0.044731;1.488193;0.350239;-0.854004;0.235244;0.440848;0.144883;0.014505;1.512662;0.374146;-0.865441;0.213530;0.424228;0.159526;0.042512;1.443324;0.372641;-0.263927;-0.874675;0.130466;-0.385051;0.080326;1.464241;0.351036;-0.871405;0.052768;0.485118;0.050296;0.088539;1.405711;0.353338;-0.657375;0.565353;0.412453;0.279494;0.045045;1.470152;0.373030;-0.629934;-0.606720;0.372968;-0.309789;0.057002;1.428667;0.359490;-0.263927;-0.874675;0.130466;-0.385051;0.092373;1.419019;0.350163;-0.657375;0.565353;0.412453;0.279494;0.061964;1.427741;0.390578;-0.127526;-0.836868;0.287003;-0.448352;0.093278;1.448659;0.387153;-0.800612;-0.081321;0.591003;0.055883;0.100523;1.406598;0.374009;-0.646738;0.410630;0.429180;0.478452;0.064566;1.446730;0.395814;-0.536623;-0.646006;0.463081;-0.283317;0.075675;1.416777;0.378201;-0.127526;-0.836868;0.287003;-0.448352;2023/05/01 13:57:26.2716;0.052766;1.432799;0.381779;-0.147672;-0.866276;0.193342;-0.436323;0.088066;1.458677;0.369009;-0.854009;-0.031017;0.517675;0.041469;0.099201;1.407174;0.365593;-0.657375;0.565353;0.412453;0.279494;0.054238;1.458294;0.386638;-0.559547;-0.653640;0.407686;-0.305703;0.068805;1.421256;0.368423;-0.147672;-0.866276;0.193342;-0.436323;6e526951-250e-4037-8505-3204f70e406b;0.032251;1.455478;0.338015;-0.735682;0.562240;-0.011702;-0.377520;0.066044;1.402245;0.339131;-0.514307;0.774284;0.075534;-0.360927;0.045796;1.425843;0.332438;-0.708560;0.644079;0.028348;-0.286883;0.022351;1.476030;0.345744;-0.735682;0.562240;-0.011702;-0.377520;122;0.104420;1.373797;0.349290;-0.657375;0.565353;0.412453;0.279494
NA;197881;12;0.065377;1.494783;0.090835;0.995721;0.043347;-0.071927;0.038575;0.027697;1.500990;0.362799;-0.866676;0.210153;0.423503;0.159229;0.064939;1.462006;0.335480;-0.822252;0.346791;0.416386;0.173957;0.076824;1.406045;0.341559;-0.658451;0.564475;0.411769;0.279743;0.044010;1.488541;0.350793;-0.855339;0.231681;0.440253;0.144555;0.013727;1.512744;0.374898;-0.866676;0.210153;0.423503;0.159229;0.041891;1.443774;0.372975;-0.262305;-0.875401;0.130816;-0.384390;0.079676;1.464696;0.351397;-0.871718;0.052057;0.484512;0.051436;0.087904;1.406159;0.353513;-0.658451;0.564475;0.411769;0.279743;0.044428;1.470600;0.373446;-0.629201;-0.607853;0.373168;-0.308816;0.056374;1.429172;0.359754;-0.262305;-0.875401;0.130816;-0.384390;0.091732;1.419479;0.350378;-0.658451;0.564475;0.411769;0.279743;0.061346;1.428137;0.390861;-0.126340;-0.837267;0.287763;-0.447454;0.092669;1.449009;0.387454;-0.800893;-0.081797;0.590412;0.057390;0.099910;1.406990;0.374179;-0.647617;0.409867;0.428190;0.478805;0.063966;1.447109;0.396153;-0.535971;-0.646860;0.463406;-0.282068;0.075043;1.417211;0.378434;-0.126340;-0.837267;0.287763;-0.447454;2023/05/01 13:57:26.2827;0.052146;1.433235;0.382081;-0.146094;-0.866777;0.193849;-0.435633;0.087436;1.459080;0.369346;-0.854277;-0.031539;0.517090;0.042834;0.098578;1.407590;0.365766;-0.658451;0.564475;0.411769;0.279743;0.053630;1.458714;0.387018;-0.558786;-0.654607;0.407978;-0.304635;0.068178;1.421749;0.368669;-0.146094;-0.866777;0.193849;-0.435633;6e526951-250e-4037-8505-3204f70e406b;0.031637;1.455980;0.338359;-0.736742;0.560934;-0.011445;-0.377403;0.065399;1.402730;0.339311;-0.515413;0.773608;0.075835;-0.360734;0.045160;1.426353;0.332682;-0.709682;0.642904;0.028465;-0.286733;0.021755;1.476513;0.346160;-0.736742;0.560934;-0.011445;-0.377403;134;0.103788;1.374263;0.349359;-0.658451;0.564475;0.411769;0.279743
NA;197882;13;0.065402;1.494759;0.090942;0.995740;0.043460;-0.071502;0.038749;0.028058;1.500707;0.362043;-0.866889;0.210380;0.423167;0.158661;0.065311;1.461747;0.334703;-0.822474;0.346868;0.416172;0.173262;0.077195;1.405800;0.340928;-0.657727;0.565561;0.411942;0.278998;0.044371;1.488268;0.350025;-0.855580;0.231763;0.439952;0.143911;0.014093;1.512460;0.374148;-0.866889;0.210380;0.423167;0.158661;0.042312;1.443613;0.372244;-0.262544;-0.875483;0.129698;-0.384421;0.080058;1.464482;0.350602;-0.871820;0.053176;0.484273;0.050816;0.088280;1.405947;0.352876;-0.657727;0.565561;0.411942;0.278998;0.044826;1.470443;0.372662;-0.629761;-0.607514;0.372393;-0.309274;0.056813;1.429021;0.359031;-0.262544;-0.875483;0.129698;-0.384421;0.092108;1.419261;0.349710;-0.657727;0.565561;0.411942;0.278998;0.061754;1.428064;0.390184;-0.127093;-0.837302;0.286863;-0.447753;0.093071;1.448901;0.386698;-0.801228;-0.080301;0.590215;0.056848;0.100299;1.406841;0.373542;-0.647114;0.411001;0.428670;0.478084;0.064374;1.447050;0.395425;-0.536922;-0.646259;0.462858;-0.282537;0.075458;1.417124;0.377780;-0.127093;-0.837302;0.286863;-0.447753;2023/05/01 13:57:26.2944;0.052552;1.433165;0.381384;-0.146455;-0.866879;0.192984;-0.435695;0.087829;1.458918;0.368563;-0.854529;-0.029890;0.516780;0.042724;0.098962;1.407416;0.365129;-0.657727;0.565561;0.411942;0.278998;0.054039;1.458654;0.386267;-0.559582;-0.654132;0.407476;-0.304864;0.068593;1.421680;0.367982;-0.146455;-0.866879;0.192984;-0.435695;6e526951-250e-4037-8505-3204f70e406b;0.032004;1.455720;0.337540;-0.736187;0.561765;-0.012067;-0.377232;0.065772;1.402477;0.338684;-0.514130;0.774520;0.075405;-0.360698;0.045534;1.426077;0.331969;-0.708582;0.644162;0.028217;-0.286654;0.022133;1.476277;0.345294;-0.736187;0.561765;-0.012067;-0.377232;145;0.104158;1.374040;0.348817;-0.657727;0.565561;0.411942;0.278998
NA;197883;14;0.065429;1.494733;0.091028;0.995759;0.043575;-0.071144;0.038790;0.028331;1.500437;0.361360;-0.867196;0.210384;0.422754;0.158078;0.065596;1.461519;0.333979;-0.822815;0.346752;0.415889;0.172556;0.077493;1.405587;0.340330;-0.657145;0.566518;0.412087;0.278213;0.044643;1.488016;0.349324;-0.855919;0.231626;0.439579;0.143259;0.014370;1.512180;0.373480;-0.867196;0.210384;0.422754;0.158078;0.042658;1.443464;0.371561;-0.262585;-0.875652;0.128527;-0.384400;0.080355;1.464297;0.349860;-0.871968;0.054077;0.483973;0.050174;0.088583;1.405766;0.352271;-0.657145;0.566518;0.412087;0.278213;0.045140;1.470297;0.371935;-0.630191;-0.607363;0.371557;-0.309703;0.057178;1.428890;0.358350;-0.262585;-0.875652;0.128527;-0.384400;0.092408;1.419075;0.349077;-0.657145;0.566518;0.412087;0.278213;0.062089;1.428005;0.389550;-0.127702;-0.837411;0.285943;-0.447964;0.093397;1.448812;0.385987;-0.801592;-0.078982;0.589949;0.056320;0.100618;1.406719;0.372937;-0.646751;0.412018;0.429076;0.477335;0.064706;1.447004;0.394745;-0.537775;-0.645802;0.462255;-0.282947;0.075802;1.417056;0.377162;-0.127702;-0.837411;0.285943;-0.447964;2023/05/01 13:57:26.3056;0.052884;1.433108;0.380731;-0.146637;-0.867053;0.192095;-0.435679;0.088140;1.458782;0.367829;-0.854811;-0.028436;0.516404;0.042618;0.099275;1.407272;0.364523;-0.657145;0.566518;0.412087;0.278213;0.054368;1.458606;0.385569;-0.560259;-0.653817;0.406921;-0.305039;0.068935;1.421632;0.367333;-0.146637;-0.867053;0.192095;-0.435679;6e526951-250e-4037-8505-3204f70e406b;0.032286;1.455484;0.336773;-0.735644;0.562506;-0.012591;-0.377170;0.066071;1.402254;0.338091;-0.512930;0.775324;0.075088;-0.360746;0.045830;1.425828;0.331299;-0.707536;0.645307;0.028053;-0.286679;0.022421;1.476059;0.344486;-0.735644;0.562506;-0.012591;-0.377170;156;0.104461;1.373853;0.348295;-0.657145;0.566518;0.412087;0.278213
NA;197884;15;0.065469;1.494690;0.091095;0.995803;0.043741;-0.070563;0.038530;0.026450;1.500337;0.361372;-0.868560;0.207263;0.422379;0.155697;0.063905;1.461752;0.333784;-0.824316;0.344251;0.415866;0.170438;0.076039;1.405859;0.340057;-0.658277;0.565620;0.412580;0.276629;0.042821;1.488068;0.349259;-0.857226;0.228714;0.439267;0.141059;0.012429;1.511932;0.373565;-0.868560;0.207263;0.422379;0.155697;0.041076;1.443637;0.371392;-0.261305;-0.876456;0.127147;-0.383900;0.078678;1.464575;0.349644;-0.872502;0.053192;0.483191;0.049374;0.087144;1.406072;0.351983;-0.658277;0.565620;0.412580;0.276629;0.043491;1.470476;0.371791;-0.629814;-0.608460;0.370376;-0.309728;0.055619;1.429136;0.358128;-0.261305;-0.876456;0.127147;-0.383900;0.090911;1.419402;0.348803;-0.658277;0.565620;0.412580;0.276629;0.060601;1.428237;0.389343;-0.126251;-0.838405;0.284420;-0.447486;0.091839;1.449111;0.385737;-0.802229;-0.079741;0.589037;0.055728;0.099208;1.407058;0.372638;-0.648227;0.411248;0.429180;0.475901;0.063170;1.447239;0.394553;-0.537423;-0.647025;0.460937;-0.282972;0.074346;1.417367;0.376920;-0.126251;-0.838405;0.284420;-0.447486;2023/05/01 13:57:26.3167;0.051339;1.433337;0.380550;-0.145449;-0.867840;0.190833;-0.435065;0.086513;1.459075;0.367596;-0.855356;-0.029023;0.515515;0.042054;0.097850;1.407613;0.364227;-0.658277;0.565620;0.412580;0.276629;0.052777;1.458835;0.385404;-0.560077;-0.654751;0.405796;-0.304868;0.067406;1.421934;0.367109;-0.145449;-0.867840;0.190833;-0.435065;6e526951-250e-4037-8505-3204f70e406b;0.030662;1.455602;0.336506;-0.734929;0.562663;-0.011552;-0.378359;0.064629;1.402481;0.337823;-0.512527;0.775066;0.076381;-0.361600;0.044311;1.425993;0.331045;-0.706940;0.645402;0.029258;-0.287814;0.020724;1.476145;0.344211;-0.734929;0.562663;-0.011552;-0.378359;167;0.103144;1.374229;0.347961;-0.658277;0.565620;0.412580;0.276629
NA;197885;16;0.065522;1.494630;0.091155;0.995816;0.044218;-0.070128;0.038450;0.024501;1.500142;0.362348;-0.870260;0.202291;0.422151;0.153344;0.062284;1.462127;0.334412;-0.826746;0.339047;0.416329;0.167953;0.074817;1.406289;0.340385;-0.660843;0.562617;0.413593;0.275115;0.040968;1.488116;0.350122;-0.859004;0.223485;0.439237;0.138699;0.010395;1.511522;0.374645;-0.870260;0.202291;0.422151;0.153344;0.039621;1.443712;0.371939;-0.257027;-0.877973;0.124730;-0.384114;0.077050;1.464975;0.350274;-0.873007;0.049709;0.482789;0.047979;0.085929;1.406519;0.352304;-0.660843;0.562617;0.413593;0.275115;0.041851;1.470565;0.372484;-0.627235;-0.611608;0.368840;-0.310595;0.054267;1.429413;0.358569;-0.257027;-0.877973;0.124730;-0.384114;0.089599;1.419894;0.349194;-0.660843;0.562617;0.413593;0.275115;0.059237;1.428388;0.389826;-0.122770;-0.839797;0.282794;-0.446874;0.090350;1.449422;0.386277;-0.802575;-0.082758;0.588204;0.055151;0.098003;1.407488;0.372960;-0.651113;0.408297;0.429151;0.474527;0.061701;1.447379;0.395123;-0.535315;-0.649750;0.459478;-0.283095;0.073042;1.417670;0.377339;-0.122770;-0.839797;0.282794;-0.446874;2023/05/01 13:57:26.3274;0.049922;1.433473;0.381066;-0.141910;-0.869000;0.189092;-0.434678;0.084939;1.459439;0.368192;-0.855686;-0.032101;0.514866;0.041047;0.096634;1.408076;0.364553;-0.660843;0.562617;0.413593;0.275115;0.051225;1.458956;0.386036;-0.557947;-0.657300;0.404401;-0.305143;0.066050;1.422243;0.367554;-0.141910;-0.869000;0.189092;-0.434678;6e526951-250e-4037-8505-3204f70e406b;0.029140;1.455758;0.337047;-0.735165;0.560970;-0.008820;-0.380483;0.063432;1.402840;0.338136;-0.513196;0.773727;0.079720;-0.362797;0.042973;1.426259;0.331456;-0.707543;0.643740;0.032077;-0.289748;0.019077;1.476203;0.344849;-0.735165;0.560970;-0.008820;-0.380483;178;0.102149;1.374813;0.348115;-0.660843;0.562617;0.413593;0.275115
NA;197886;17;0.065617;1.494564;0.091170;0.995841;0.044645;-0.069573;0.038310;0.022658;1.499940;0.363274;-0.871864;0.197587;0.421862;0.151146;0.060748;1.462481;0.335000;-0.829083;0.333997;0.416721;0.165560;0.073657;1.406698;0.340690;-0.663258;0.559794;0.414517;0.273671;0.039213;1.488149;0.350938;-0.860696;0.218475;0.439146;0.136466;0.008477;1.511118;0.375668;-0.871864;0.197587;0.421862;0.151146;0.038249;1.443786;0.372449;-0.252898;-0.879420;0.122376;-0.384301;0.075508;1.465350;0.350863;-0.873485;0.046456;0.482377;0.046667;0.084775;1.406944;0.352602;-0.663258;0.559794;0.414517;0.273671;0.040303;1.470649;0.373133;-0.624768;-0.614608;0.367344;-0.311416;0.052992;1.429682;0.358977;-0.252898;-0.879420;0.122376;-0.384301;0.088355;1.420359;0.349559;-0.663258;0.559794;0.414517;0.273671;0.057943;1.428539;0.390280;-0.119577;-0.841084;0.281302;-0.446260;0.088942;1.449715;0.386781;-0.802921;-0.085482;0.587386;0.054663;0.096861;1.407897;0.373259;-0.653826;0.405531;0.429095;0.473216;0.060314;1.447520;0.395657;-0.533391;-0.652261;0.458115;-0.283162;0.071803;1.417962;0.377732;-0.119577;-0.841084;0.281302;-0.446260;2023/05/01 13:57:26.3395;0.048580;1.433608;0.381552;-0.138625;-0.870082;0.187458;-0.434282;0.083449;1.459782;0.368748;-0.856006;-0.034927;0.514223;0.040123;0.095481;1.408515;0.364855;-0.663258;0.559794;0.414517;0.273671;0.049758;1.459075;0.386628;-0.555986;-0.659663;0.403081;-0.305370;0.064764;1.422538;0.367973;-0.138625;-0.870082;0.187458;-0.434282;6e526951-250e-4037-8505-3204f70e406b;0.027705;1.455910;0.337554;-0.735415;0.559344;-0.006289;-0.382438;0.062295;1.403182;0.338426;-0.513829;0.772468;0.082821;-0.363889;0.041707;1.426513;0.331838;-0.708134;0.642149;0.034686;-0.291528;0.017528;1.476263;0.345447;-0.735415;0.559344;-0.006289;-0.382438;190;0.101201;1.375368;0.348255;-0.663258;0.559794;0.414517;0.273671
NA;197887;18;0.065705;1.494498;0.091190;0.995845;0.045205;-0.069051;0.038486;0.020703;1.498779;0.362566;-0.872484;0.195934;0.422864;0.146861;0.059179;1.461706;0.334303;-0.829901;0.331840;0.418510;0.161229;0.072479;1.406021;0.340095;-0.663531;0.559091;0.416810;0.270948;0.037376;1.487149;0.350237;-0.861301;0.216456;0.440294;0.132092;0.006416;1.509833;0.374952;-0.872484;0.195934;0.422864;0.146861;0.036751;1.443016;0.371819;-0.253135;-0.879413;0.119707;-0.385001;0.073917;1.464714;0.350162;-0.873567;0.046351;0.482507;0.043824;0.083586;1.406369;0.352013;-0.663531;0.559091;0.416810;0.270948;0.038687;1.469890;0.372421;-0.625028;-0.614504;0.365473;-0.313297;0.051561;1.428949;0.358382;-0.253135;-0.879413;0.119707;-0.385001;0.087074;1.419810;0.348962;-0.663531;0.559091;0.416810;0.270948;0.056574;1.427935;0.389673;-0.118718;-0.841864;0.278148;-0.446995;0.087452;1.449253;0.386117;-0.803269;-0.085904;0.587091;0.051992;0.095662;1.407460;0.372691;-0.654964;0.404753;0.431082;0.470496;0.058839;1.446941;0.395009;-0.533325;-0.653001;0.455937;-0.285089;0.070507;1.417431;0.377146;-0.118718;-0.841864;0.278148;-0.446995;2023/05/01 13:57:26.3497;0.047147;1.432934;0.380947;-0.138483;-0.870445;0.184585;-0.434829;0.081893;1.459241;0.368060;-0.856206;-0.034995;0.514091;0.037375;0.094279;1.408050;0.364286;-0.663531;0.559091;0.416810;0.270948;0.048210;1.458421;0.385951;-0.556269;-0.659843;0.401054;-0.307129;0.063390;1.421921;0.367392;-0.138483;-0.870445;0.184585;-0.434829;6e526951-250e-4037-8505-3204f70e406b;0.026222;1.454924;0.336640;-0.733198;0.561343;-0.003901;-0.383796;0.061148;1.402416;0.337812;-0.511384;0.773558;0.085484;-0.364399;0.040436;1.425599;0.331088;-0.705884;0.643915;0.037523;-0.292735;0.015887;1.475240;0.344425;-0.733198;0.561343;-0.003901;-0.383796;201;0.100232;1.374906;0.347762;-0.663531;0.559091;0.416810;0.270948
NA;197888;19;0.065787;1.494447;0.091203;0.995866;0.045174;-0.068567;0.038852;0.018695;1.497676;0.362875;-0.873745;0.190230;0.423854;0.143982;0.057595;1.461232;0.334374;-0.831772;0.326299;0.420142;0.158634;0.071144;1.405578;0.339925;-0.665055;0.556592;0.417895;0.270685;0.035504;1.486317;0.350478;-0.862547;0.210739;0.441438;0.129366;0.004277;1.508481;0.375327;-0.873745;0.190230;0.423854;0.143982;0.035150;1.442343;0.371814;-0.250925;-0.879864;0.119425;-0.385505;0.072300;1.464238;0.350264;-0.873476;0.043849;0.482935;0.043487;0.082228;1.405924;0.351862;-0.665055;0.556592;0.417895;0.270685;0.037032;1.469219;0.372508;-0.623522;-0.615753;0.365684;-0.313599;0.050008;1.428365;0.358338;-0.250925;-0.879864;0.119425;-0.385505;0.085660;1.419399;0.348891;-0.665055;0.556592;0.417895;0.270685;0.055063;1.427278;0.389610;-0.115306;-0.842477;0.277174;-0.447339;0.085861;1.448687;0.386171;-0.802937;-0.088115;0.587220;0.051978;0.094274;1.406988;0.372579;-0.656600;0.402118;0.431396;0.470186;0.057246;1.446269;0.395031;-0.531082;-0.654865;0.455576;-0.285576;0.069071;1.416906;0.377057;-0.115306;-0.842477;0.277174;-0.447339;2023/05/01 13:57:26.3609;0.045604;1.432270;0.380896;-0.135283;-0.870919;0.183800;-0.435220;0.080279;1.458726;0.368149;-0.855951;-0.037435;0.514359;0.037155;0.092899;1.407607;0.364175;-0.665055;0.556592;0.417895;0.270685;0.046582;1.457740;0.386005;-0.554237;-0.661460;0.400923;-0.307493;0.061912;1.421395;0.367308;-0.135283;-0.870919;0.183800;-0.435220;6e526951-250e-4037-8505-3204f70e406b;0.024705;1.454306;0.336433;-0.733363;0.560980;-0.000677;-0.384030;0.059838;1.401927;0.337589;-0.511884;0.773212;0.088614;-0.363684;0.039064;1.425055;0.330864;-0.706083;0.643516;0.040828;-0.292690;0.014260;1.474557;0.344239;-0.733363;0.560980;-0.000677;-0.384030;211;0.099019;1.374560;0.347519;-0.665055;0.556592;0.417895;0.270685
NA;197889;20;0.065875;1.494443;0.091214;0.995903;0.044920;-0.068020;0.039156;0.016733;1.496577;0.363197;-0.875068;0.184246;0.424827;0.140824;0.056068;1.460796;0.334454;-0.833698;0.320576;0.421783;0.155812;0.069858;1.405175;0.339769;-0.666545;0.554184;0.418911;0.270392;0.033681;1.485505;0.350730;-0.863841;0.204795;0.442563;0.126396;0.002180;1.507118;0.375719;-0.875068;0.184246;0.424827;0.140824;0.033607;1.441715;0.371825;-0.248851;-0.880302;0.119161;-0.385931;0.070742;1.463802;0.350372;-0.873410;0.041422;0.483300;0.043137;0.080921;1.405518;0.351724;-0.666545;0.554184;0.418911;0.270392;0.035440;1.468591;0.372604;-0.622139;-0.616921;0.365870;-0.313833;0.048509;1.427820;0.358311;-0.248851;-0.880302;0.119161;-0.385931;0.084298;1.419027;0.348832;-0.666545;0.554184;0.418911;0.270392;0.053616;1.426669;0.389561;-0.111952;-0.843093;0.276135;-0.447672;0.084332;1.448164;0.386230;-0.802643;-0.090199;0.587307;0.051942;0.092941;1.406557;0.372478;-0.658201;0.399590;0.431666;0.469855;0.055717;1.445646;0.395061;-0.528900;-0.656701;0.455155;-0.286082;0.067698;1.416428;0.376982;-0.111952;-0.843093;0.276135;-0.447672;2023/05/01 13:57:26.3715;0.044125;1.431650;0.380856;-0.132056;-0.871418;0.182938;-0.435575;0.078726;1.458252;0.368243;-0.855729;-0.039823;0.514567;0.036920;0.091572;1.407205;0.364075;-0.666545;0.554184;0.418911;0.270392;0.045018;1.457101;0.386069;-0.552237;-0.663087;0.400728;-0.307843;0.060498;1.420916;0.367233;-0.132056;-0.871418;0.182938;-0.435575;6e526951-250e-4037-8505-3204f70e406b;0.023245;1.453733;0.336238;-0.733521;0.560624;0.002427;-0.384243;0.058577;1.401480;0.337382;-0.512355;0.772875;0.091631;-0.362988;0.037744;1.424554;0.330656;-0.706247;0.643151;0.044027;-0.292634;0.012694;1.473921;0.344064;-0.733521;0.560624;0.002427;-0.384243;222;0.097854;1.374252;0.347291;-0.666545;0.554184;0.418911;0.270392
NA;197890;21;0.065956;1.494442;0.091245;0.995944;0.044523;-0.067509;0.039436;0.015284;1.496194;0.364493;-0.877068;0.182059;0.422520;0.138143;0.054684;1.460772;0.335393;-0.836070;0.318123;0.420099;0.152647;0.068716;1.405189;0.340509;-0.668806;0.553649;0.417655;0.267836;0.032225;1.485267;0.351890;-0.865889;0.202484;0.440383;0.123694;0.000742;1.506607;0.377135;-0.877068;0.182059;0.422520;0.138143;0.032461;1.441631;0.372904;-0.248388;-0.881779;0.117815;-0.383260;0.069445;1.463804;0.351226;-0.874987;0.040686;0.480559;0.042491;0.079846;1.405551;0.352399;-0.668806;0.553649;0.417655;0.267836;0.034275;1.468509;0.373684;-0.623017;-0.618224;0.363691;-0.312055;0.047300;1.427778;0.359279;-0.248388;-0.881779;0.117815;-0.383260;0.083156;1.419082;0.349523;-0.668806;0.553649;0.417655;0.267836;0.052665;1.426605;0.390474;-0.111168;-0.844992;0.274823;-0.445087;0.083311;1.448153;0.386972;-0.804558;-0.090964;0.584565;0.051913;0.091989;1.406603;0.373094;-0.660733;0.399650;0.429975;0.467796;0.054759;1.445579;0.395989;-0.529567;-0.658494;0.452934;-0.284243;0.066707;1.416437;0.377792;-0.111168;-0.844992;0.274823;-0.445087;2023/05/01 13:57:26.3837;0.043088;1.431588;0.381845;-0.131076;-0.873157;0.181526;-0.432972;0.077558;1.458252;0.369038;-0.857388;-0.040450;0.511769;0.036627;0.090566;1.407260;0.364701;-0.668806;0.553649;0.417655;0.267836;0.043967;1.457036;0.387079;-0.552881;-0.664717;0.398523;-0.306029;0.059412;1.420933;0.368103;-0.131076;-0.873157;0.181526;-0.432972;6e526951-250e-4037-8505-3204f70e406b;0.021947;1.453612;0.337194;-0.733168;0.559679;0.002044;-0.386291;0.057438;1.401454;0.338168;-0.512504;0.771727;0.091896;-0.365147;0.036516;1.424479;0.331552;-0.706001;0.642450;0.043866;-0.294784;0.011367;1.473764;0.345071;-0.733168;0.559679;0.002044;-0.386291;234;0.096866;1.374360;0.347821;-0.668806;0.553649;0.417655;0.267836
NA;197891;22;0.066055;1.494452;0.091266;0.995987;0.044234;-0.067020;0.039527;0.013877;1.495835;0.365719;-0.878910;0.180052;0.420351;0.135661;0.053335;1.460749;0.336285;-0.838277;0.315796;0.418522;0.149678;0.067601;1.405206;0.341205;-0.670985;0.553048;0.416502;0.265412;0.030809;1.485042;0.352989;-0.867776;0.200359;0.438331;0.121191;-0.000652;1.506130;0.378472;-0.878910;0.180052;0.420351;0.135661;0.031333;1.441552;0.373928;-0.247906;-0.883169;0.116535;-0.380755;0.068175;1.463807;0.352039;-0.876458;0.039978;0.477985;0.041883;0.078794;1.405586;0.353034;-0.670985;0.553048;0.416502;0.265412;0.033131;1.468431;0.374709;-0.623838;-0.619434;0.361651;-0.310381;0.046114;1.427740;0.360198;-0.247906;-0.883169;0.116535;-0.380755;0.082038;1.419138;0.350177;-0.670985;0.553048;0.416502;0.265412;0.051723;1.426541;0.391338;-0.110375;-0.846779;0.273592;-0.442640;0.082303;1.448142;0.387677;-0.806348;-0.091741;0.581975;0.051891;0.091052;1.406649;0.373674;-0.663172;0.399607;0.428385;0.465837;0.053811;1.445511;0.396866;-0.530176;-0.660189;0.450851;-0.282484;0.065726;1.416443;0.378557;-0.110375;-0.846779;0.273592;-0.442640;2023/05/01 13:57:26.3943;0.042065;1.431530;0.382782;-0.130070;-0.874793;0.180154;-0.430539;0.076410;1.458252;0.369794;-0.858937;-0.041043;0.509138;0.036349;0.089578;1.407316;0.365290;-0.670985;0.553048;0.416502;0.265412;0.042931;1.456975;0.388036;-0.553459;-0.666257;0.396441;-0.304334;0.058346;1.420954;0.368928;-0.130070;-0.874793;0.180154;-0.430539;6e526951-250e-4037-8505-3204f70e406b;0.020684;1.453496;0.338098;-0.732842;0.558764;0.001757;-0.388230;0.056327;1.401431;0.338907;-0.512683;0.770608;0.092210;-0.367174;0.035321;1.424409;0.332397;-0.705782;0.641760;0.043786;-0.296814;0.010074;1.473614;0.346025;-0.732842;0.558764;0.001757;-0.388230;245;0.095901;1.374469;0.348315;-0.670985;0.553048;0.416502;0.265412
NA;197892;23;0.066154;1.494443;0.091291;0.996032;0.044014;-0.066574;0.039395;0.012504;1.495492;0.366888;-0.880628;0.178170;0.418301;0.133324;0.052016;1.460728;0.337138;-0.840358;0.313547;0.417038;0.146854;0.066510;1.405225;0.341864;-0.673094;0.552394;0.415435;0.263097;0.029427;1.484825;0.354040;-0.869537;0.198363;0.436391;0.118833;-0.002011;1.505676;0.379745;-0.880628;0.178170;0.418301;0.133324;0.030222;1.441477;0.374906;-0.247417;-0.884485;0.115319;-0.378382;0.066930;1.463809;0.352817;-0.877839;0.039303;0.475548;0.041315;0.077761;1.405622;0.353636;-0.673094;0.552394;0.415435;0.263097;0.032005;1.468357;0.375688;-0.624623;-0.620559;0.359731;-0.308783;0.044948;1.427705;0.361076;-0.247417;-0.884485;0.115319;-0.378382;0.080942;1.419194;0.350797;-0.673094;0.552394;0.415435;0.263097;0.050789;1.426478;0.392160;-0.109574;-0.848471;0.272430;-0.440310;0.081305;1.448131;0.388350;-0.808034;-0.092514;0.579509;0.051881;0.090127;1.406695;0.374223;-0.665531;0.399481;0.426877;0.463961;0.052872;1.445445;0.397702;-0.530740;-0.661799;0.448884;-0.280788;0.064756;1.416449;0.379286;-0.109574;-0.848471;0.272430;-0.440310;2023/05/01 13:57:26.4066;0.041055;1.431476;0.383675;-0.129042;-0.876343;0.178820;-0.428246;0.075280;1.458252;0.370518;-0.860394;-0.041596;0.506645;0.036092;0.088606;1.407372;0.365848;-0.673094;0.552394;0.415435;0.263097;0.041907;1.456917;0.388949;-0.553989;-0.667717;0.394465;-0.302734;0.057295;1.420978;0.369715;-0.129042;-0.876343;0.178820;-0.428246;6e526951-250e-4037-8505-3204f70e406b;0.019450;1.453386;0.338955;-0.732536;0.557887;0.001556;-0.390066;0.055242;1.401410;0.339606;-0.512886;0.769521;0.092568;-0.369077;0.034155;1.424343;0.333198;-0.705580;0.641094;0.043783;-0.298728;0.008810;1.473468;0.346931;-0.732536;0.557887;0.001556;-0.390066;257;0.094955;1.374579;0.348778;-0.673094;0.552394;0.415435;0.263097
NA;197893;24;0.066271;1.494438;0.091307;0.996075;0.044077;-0.065976;0.039242;0.009693;1.493331;0.367236;-0.882430;0.169875;0.420912;0.123667;0.050199;1.459889;0.337292;-0.843220;0.304011;0.421600;0.137153;0.065374;1.404562;0.341982;-0.674582;0.549313;0.419305;0.259572;0.026913;1.483202;0.354347;-0.871295;0.189426;0.439368;0.109176;-0.005099;1.503060;0.380129;-0.882430;0.169875;0.420912;0.123667;0.028465;1.440400;0.375086;-0.246923;-0.884349;0.111639;-0.380123;0.065047;1.463141;0.352999;-0.877656;0.036588;0.476505;0.036397;0.076595;1.405087;0.353777;-0.674582;0.549313;0.419305;0.259572;0.030034;1.467295;0.375810;-0.623833;-0.621044;0.357393;-0.312101;0.043316;1.426709;0.361311;-0.246923;-0.884349;0.111639;-0.380123;0.079613;1.418705;0.350967;-0.674582;0.549313;0.419305;0.259572;0.049268;1.425654;0.392312;-0.106722;-0.849643;0.267855;-0.441555;0.079555;1.447612;0.388543;-0.807928;-0.095392;0.579549;0.047696;0.088912;1.406300;0.374397;-0.668188;0.396164;0.429713;0.460353;0.051138;1.444641;0.397860;-0.528834;-0.664047;0.445725;-0.284086;0.063367;1.415787;0.379457;-0.106722;-0.849643;0.267855;-0.441555;2023/05/01 13:57:26.4167;0.039424;1.430582;0.383844;-0.126818;-0.876928;0.174627;-0.429442;0.073435;1.457673;0.370709;-0.860253;-0.043849;0.506970;0.032002;0.087397;1.406965;0.366021;-0.674582;0.549313;0.419305;0.259572;0.040054;1.456033;0.389101;-0.552725;-0.669034;0.391794;-0.305592;0.055785;1.420244;0.369905;-0.126818;-0.876928;0.174627;-0.429442;6e526951-250e-4037-8505-3204f70e406b;0.017811;1.452198;0.338878;-0.729985;0.559259;0.006368;-0.392825;0.054161;1.400608;0.339687;-0.510784;0.769730;0.097780;-0.370209;0.032857;1.423316;0.333196;-0.703742;0.641627;0.048813;-0.301132;0.006902;1.472166;0.346776;-0.729985;0.559259;0.006368;-0.392825;267;0.094180;1.374268;0.348934;-0.674582;0.549313;0.419305;0.259572
NA;197894;25;0.066387;1.494431;0.091328;0.996159;0.043776;-0.065128;0.038860;0.008219;1.492518;0.369287;-0.884688;0.164996;0.419101;0.120246;0.048957;1.459774;0.338873;-0.846359;0.298229;0.420750;0.133061;0.064592;1.404527;0.343029;-0.678764;0.545857;0.418623;0.257051;0.025476;1.482659;0.356240;-0.873614;0.184347;0.437751;0.105776;-0.006604;1.502008;0.382322;-0.884688;0.164996;0.419101;0.120246;0.027486;1.439891;0.376700;-0.244227;-0.886260;0.110154;-0.377840;0.063864;1.463024;0.354524;-0.879190;0.032086;0.474099;0.035020;0.075863;1.405047;0.354773;-0.678764;0.545857;0.418623;0.257051;0.028951;1.466788;0.377554;-0.622595;-0.624252;0.355180;-0.310695;0.042314;1.426330;0.362772;-0.244227;-0.886260;0.110154;-0.377840;0.078761;1.418718;0.352080;-0.678764;0.545857;0.418623;0.257051;0.048562;1.425165;0.393660;-0.102897;-0.852134;0.266165;-0.438676;0.078684;1.447342;0.389872;-0.809376;-0.099847;0.576801;0.047346;0.088283;1.406211;0.375366;-0.672599;0.393237;0.427704;0.458306;0.050341;1.444126;0.399328;-0.526873;-0.668095;0.443048;-0.282425;0.062660;1.415488;0.380660;-0.102897;-0.852134;0.266165;-0.438676;2023/05/01 13:57:26.4274;0.038607;1.430078;0.385297;-0.122991;-0.879095;0.172938;-0.426799;0.072391;1.457489;0.372148;-0.861595;-0.048436;0.504328;0.031007;0.086717;1.406927;0.367003;-0.678764;0.545857;0.418623;0.257051;0.039123;1.455498;0.390711;-0.550866;-0.672751;0.389281;-0.303997;0.054954;1.419937;0.371198;-0.122991;-0.879095;0.172938;-0.426799;6e526951-250e-4037-8505-3204f70e406b;0.016711;1.451868;0.340191;-0.729145;0.558652;0.009826;-0.395169;0.053407;1.400496;0.340727;-0.512176;0.767641;0.101119;-0.371722;0.031961;1.423115;0.334398;-0.704054;0.640060;0.051950;-0.303204;0.005628;1.471728;0.348121;-0.729145;0.558652;0.009826;-0.395169;278;0.093659;1.374412;0.349635;-0.678764;0.545857;0.418623;0.257051
NA;197895;26;0.066493;1.494462;0.091349;0.996262;0.043476;-0.064004;0.038412;0.006812;1.491785;0.371212;-0.886690;0.160831;0.417339;0.117226;0.047734;1.459657;0.340377;-0.849156;0.293133;0.419849;0.129362;0.063808;1.404492;0.344018;-0.682728;0.542556;0.417960;0.254608;0.024093;1.482158;0.358023;-0.875670;0.180024;0.436155;0.102779;-0.008031;1.501068;0.384373;-0.886690;0.160831;0.417339;0.117226;0.026516;1.439402;0.378235;-0.241744;-0.888053;0.108747;-0.375628;0.062699;1.462906;0.355974;-0.880637;0.027830;0.471772;0.033694;0.075125;1.405008;0.355715;-0.682728;0.542556;0.417960;0.254608;0.027884;1.466300;0.379210;-0.621480;-0.627242;0.353054;-0.309327;0.041317;1.425961;0.364163;-0.241744;-0.888053;0.108747;-0.375628;0.077909;1.418730;0.353137;-0.682728;0.542556;0.417960;0.254608;0.047855;1.424698;0.394939;-0.099291;-0.854489;0.264522;-0.435912;0.077819;1.447084;0.391132;-0.810747;-0.104085;0.574152;0.046966;0.087644;1.406129;0.376284;-0.676789;0.390450;0.425777;0.456311;0.049546;1.443633;0.400720;-0.525035;-0.671913;0.440457;-0.280837;0.061948;1.415202;0.381802;-0.099291;-0.854489;0.264522;-0.435912;2023/05/01 13:57:26.4395;0.037796;1.429588;0.386676;-0.119376;-0.881143;0.171268;-0.424268;0.071358;1.457309;0.373513;-0.862855;-0.052832;0.501788;0.029971;0.086030;1.406893;0.367935;-0.682728;0.542556;0.417960;0.254608;0.038203;1.454979;0.392237;-0.549107;-0.676271;0.386821;-0.302504;0.054128;1.419637;0.372425;-0.119376;-0.881143;0.171268;-0.424268;6e526951-250e-4037-8505-3204f70e406b;0.015628;1.451553;0.341396;-0.728140;0.558439;0.013339;-0.397217;0.052651;1.400388;0.341706;-0.513450;0.765748;0.104353;-0.372974;0.031075;1.422923;0.335519;-0.704191;0.638801;0.055118;-0.304976;0.004371;1.471312;0.349334;-0.728140;0.558439;0.013339;-0.397217;290;0.093120;1.374554;0.350300;-0.682728;0.542556;0.417960;0.254608
NA;197896;27;0.066598;1.494535;0.091361;0.996397;0.043065;-0.062544;0.037783;0.008105;1.491620;0.375868;-0.892764;0.156284;0.406885;0.113983;0.048545;1.460134;0.343750;-0.856107;0.288412;0.410373;0.124475;0.064820;1.404970;0.346558;-0.689861;0.542638;0.409453;0.248967;0.025139;1.482247;0.362183;-0.881978;0.175441;0.425949;0.099514;-0.006492;1.500660;0.389466;-0.892764;0.156284;0.406885;0.113983;0.028170;1.439624;0.382030;-0.241075;-0.893004;0.107213;-0.364597;0.063869;1.463303;0.359010;-0.886258;0.025276;0.461224;0.034361;0.076396;1.405421;0.357995;-0.689861;0.542638;0.409453;0.248967;0.029611;1.466515;0.383084;-0.624605;-0.631881;0.346817;-0.300522;0.042617;1.426237;0.367543;-0.241075;-0.893004;0.107213;-0.364597;0.079094;1.419181;0.355492;-0.689861;0.542638;0.409453;0.248967;0.049959;1.424916;0.398095;-0.099169;-0.860010;0.264559;-0.424920;0.079850;1.447259;0.393684;-0.817424;-0.105125;0.564090;0.050697;0.089400;1.406434;0.378309;-0.683669;0.392951;0.416455;0.452494;0.051815;1.443813;0.403947;-0.528519;-0.676589;0.435283;-0.270968;0.063746;1.415526;0.384562;-0.099169;-0.860010;0.264559;-0.424920;2023/05/01 13:57:26.4497;0.039719;1.429796;0.390090;-0.117416;-0.886733;0.170363;-0.413394;0.072953;1.457597;0.376298;-0.868650;-0.055080;0.491305;0.032132;0.087586;1.407254;0.370006;-0.689861;0.542638;0.409453;0.248967;0.040257;1.455152;0.395798;-0.551576;-0.681580;0.381088;-0.293233;0.055737;1.419999;0.375384;-0.117416;-0.886733;0.170363;-0.413394;6e526951-250e-4037-8505-3204f70e406b;0.016691;1.452078;0.345017;-0.729344;0.554051;0.008361;-0.401267;0.053630;1.400852;0.344431;-0.516770;0.761244;0.100462;-0.378635;0.031993;1.423456;0.338732;-0.706569;0.634417;0.049612;-0.309539;0.005567;1.471813;0.353198;-0.729344;0.554051;0.008361;-0.401267;301;0.094319;1.375059;0.351974;-0.689861;0.542638;0.409453;0.248967
NA;197897;28;0.066667;1.494588;0.091381;0.996552;0.042539;-0.060835;0.037070;0.011174;1.490977;0.378781;-0.896755;0.149571;0.400104;0.115653;0.051251;1.460126;0.345602;-0.861405;0.281350;0.403982;0.124988;0.067318;1.404852;0.347384;-0.695844;0.540405;0.401787;0.249661;0.028037;1.481857;0.364720;-0.886267;0.168554;0.419391;0.101151;-0.003251;1.499776;0.392716;-0.896755;0.149571;0.400104;0.115653;0.031241;1.439224;0.383922;-0.237310;-0.896637;0.110467;-0.357103;0.066795;1.463013;0.360694;-0.889400;0.021025;0.454938;0.039454;0.079042;1.405089;0.358674;-0.695844;0.540405;0.401787;0.249661;0.032882;1.466091;0.385268;-0.624281;-0.636356;0.346453;-0.292052;0.045409;1.425936;0.369074;-0.237310;-0.896637;0.110467;-0.357103;0.081769;1.418879;0.356355;-0.695844;0.540405;0.401787;0.249661;0.053200;1.424238;0.399463;-0.095811;-0.862868;0.269058;-0.416998;0.083172;1.446417;0.394920;-0.820564;-0.107949;0.558250;0.058120;0.092326;1.405769;0.378849;-0.688201;0.392170;0.407744;0.454231;0.055262;1.443043;0.405540;-0.527867;-0.680615;0.435553;-0.261560;0.066758;1.414977;0.385613;-0.095811;-0.862868;0.269058;-0.416998;2023/05/01 13:57:26.4609;0.042861;1.429277;0.391676;-0.113466;-0.889881;0.174712;-0.405849;0.076087;1.457027;0.377775;-0.871584;-0.058713;0.485182;0.038625;0.090404;1.406713;0.370584;-0.695844;0.540405;0.401787;0.249661;0.043650;1.454553;0.397700;-0.550811;-0.685863;0.381385;-0.284159;0.058626;1.419605;0.376618;-0.113466;-0.889881;0.174712;-0.405849;6e526951-250e-4037-8505-3204f70e406b;0.019470;1.452243;0.346908;-0.734036;0.547632;0.005967;-0.401564;0.056089;1.400807;0.345318;-0.523320;0.756396;0.098198;-0.379945;0.034539;1.423614;0.340116;-0.711780;0.628578;0.046437;-0.310005;0.008538;1.471937;0.355438;-0.734036;0.547632;0.005967;-0.401564;312;0.096744;1.374744;0.352015;-0.695844;0.540405;0.401787;0.249661
NA;197898;29;0.066752;1.494626;0.091369;0.996677;0.042365;-0.059149;0.036624;0.013997;1.490289;0.381546;-0.900464;0.143031;0.393726;0.116992;0.053741;1.460088;0.347375;-0.866371;0.274401;0.398023;0.125233;0.069617;1.404730;0.348185;-0.701502;0.538161;0.394574;0.250180;0.030702;1.481427;0.367135;-0.890263;0.161782;0.413236;0.102440;-0.000267;1.498846;0.395794;-0.900464;0.143031;0.393726;0.116992;0.034089;1.438807;0.385721;-0.233522;-0.900057;0.113265;-0.350050;0.069490;1.462715;0.362302;-0.892306;0.016938;0.448954;0.044093;0.081477;1.404769;0.359331;-0.701502;0.538161;0.394574;0.250180;0.035907;1.465647;0.387343;-0.623822;-0.640657;0.345905;-0.284173;0.047998;1.425630;0.370534;-0.233522;-0.900057;0.113265;-0.350050;0.084231;1.418586;0.357186;-0.701502;0.538161;0.394574;0.250180;0.056205;1.423569;0.400760;-0.092446;-0.865561;0.273132;-0.409460;0.086240;1.445604;0.396091;-0.823484;-0.110744;0.552614;0.065019;0.095025;1.405138;0.379367;-0.692517;0.391314;0.399513;0.455722;0.058456;1.442282;0.407051;-0.527099;-0.684499;0.435627;-0.252702;0.069546;1.414444;0.386613;-0.092446;-0.865561;0.273132;-0.409460;2023/05/01 13:57:26.4727;0.045766;1.428761;0.393189;-0.109708;-0.892802;0.178735;-0.398651;0.078977;1.456468;0.379181;-0.874309;-0.062153;0.479296;0.044689;0.093000;1.406199;0.371141;-0.701502;0.538161;0.394574;0.250180;0.046793;1.453956;0.399507;-0.550036;-0.689891;0.381537;-0.275573;0.061289;1.419215;0.377802;-0.109708;-0.892802;0.178735;-0.398651;6e526951-250e-4037-8505-3204f70e406b;0.022017;1.452350;0.348736;-0.738481;0.541246;0.003700;-0.402101;0.058353;1.400751;0.346178;-0.529418;0.751655;0.096223;-0.381410;0.036876;1.423730;0.341455;-0.716636;0.622890;0.043520;-0.310722;0.011266;1.471992;0.357609;-0.738481;0.541246;0.003700;-0.402101;323;0.098973;1.374456;0.352069;-0.701502;0.538161;0.394574;0.250180
NA;197899;30;0.066851;1.494652;0.091344;0.996757;0.042370;-0.057791;0.036626;0.018604;1.491009;0.385062;-0.906854;0.139140;0.380127;0.117301;0.057315;1.461161;0.349432;-0.873396;0.271674;0.384684;0.124061;0.072822;1.405693;0.349409;-0.708080;0.540628;0.381753;0.246190;0.034884;1.482310;0.370077;-0.896983;0.158151;0.399809;0.102774;0.004753;1.499386;0.399815;-0.906854;0.139140;0.380127;0.117301;0.038573;1.439830;0.388228;-0.233562;-0.905342;0.114537;-0.335688;0.073503;1.463578;0.363918;-0.898548;0.016882;0.435811;0.048941;0.084997;1.405574;0.360210;-0.708080;0.540628;0.381753;0.246190;0.040683;1.466643;0.389936;-0.628343;-0.644783;0.340511;-0.271093;0.051931;1.426647;0.372559;-0.233562;-0.905342;0.114537;-0.335688;0.087785;1.419387;0.358081;-0.708080;0.540628;0.381753;0.246190;0.061018;1.424361;0.402513;-0.094526;-0.870647;0.276460;-0.395738;0.091096;1.446118;0.397095;-0.830934;-0.109334;0.540696;0.072403;0.099116;1.405712;0.379851;-0.697957;0.396797;0.386616;0.453803;0.063616;1.443011;0.408857;-0.532235;-0.687941;0.431705;-0.238943;0.073885;1.415250;0.387924;-0.094526;-0.870647;0.276460;-0.395738;2023/05/01 13:57:26.4838;0.050405;1.429677;0.395270;-0.109829;-0.898269;0.181658;-0.384774;0.083427;1.457149;0.380475;-0.880841;-0.061805;0.466558;0.051217;0.096863;1.406844;0.371694;-0.708080;0.540628;0.381753;0.246190;0.051830;1.454818;0.401723;-0.554341;-0.694071;0.377341;-0.261890;0.065420;1.420162;0.379369;-0.109829;-0.898269;0.181658;-0.384774;6e526951-250e-4037-8505-3204f70e406b;0.025703;1.453700;0.351609;-0.742311;0.532806;-0.007763;-0.406242;0.061478;1.401805;0.347699;-0.534765;0.745066;0.086820;-0.389057;0.040086;1.425001;0.343713;-0.720820;0.616090;0.031709;-0.315987;0.015392;1.473373;0.360924;-0.742311;0.532806;-0.007763;-0.406242;334;0.102066;1.375195;0.352244;-0.708080;0.540628;0.381753;0.246190
NA;197900;31;0.066920;1.494655;0.091293;0.996814;0.042432;-0.056496;0.037019;0.022993;1.491597;0.388407;-0.912811;0.134683;0.367188;0.117516;0.060697;1.462145;0.351403;-0.879964;0.268657;0.371963;0.123008;0.075845;1.406585;0.350591;-0.714258;0.542686;0.369589;0.242347;0.038861;1.483083;0.372883;-0.903246;0.154061;0.387026;0.103070;0.009538;1.499769;0.403634;-0.912811;0.134683;0.367188;0.117516;0.042832;1.440751;0.390592;-0.233238;-0.910228;0.115646;-0.322041;0.077287;1.464363;0.365461;-0.904267;0.016721;0.423265;0.053552;0.088309;1.406317;0.361056;-0.714258;0.542686;0.369589;0.242347;0.045216;1.467536;0.392384;-0.632336;-0.648702;0.335303;-0.258668;0.055663;1.427583;0.374476;-0.233238;-0.910228;0.115646;-0.322041;0.091125;1.420125;0.358941;-0.714258;0.542686;0.369589;0.242347;0.065570;1.425064;0.404153;-0.096228;-0.875316;0.279521;-0.382663;0.095661;1.446566;0.398029;-0.837795;-0.108071;0.529260;0.079395;0.102955;1.406231;0.380303;-0.703063;0.401733;0.374330;0.451874;0.068494;1.443650;0.410543;-0.536831;-0.691176;0.427871;-0.225867;0.077980;1.415982;0.389157;-0.096228;-0.875316;0.279521;-0.382663;2023/05/01 13:57:26.4945;0.054803;1.430498;0.397224;-0.109535;-0.903304;0.184335;-0.371570;0.087614;1.457758;0.381698;-0.886827;-0.061581;0.454365;0.057426;0.100489;1.407434;0.372217;-0.714258;0.542686;0.369589;0.242347;0.056601;1.455582;0.403806;-0.558086;-0.698050;0.373263;-0.248880;0.069330;1.421037;0.380844;-0.109535;-0.903304;0.184335;-0.371570;6e526951-250e-4037-8505-3204f70e406b;0.029225;1.454935;0.354392;-0.745971;0.524267;-0.018776;-0.410268;0.064434;1.402779;0.349169;-0.539831;0.738477;0.077894;-0.396443;0.043136;1.426174;0.345899;-0.724800;0.609203;0.020382;-0.321126;0.019351;1.474624;0.364136;-0.745971;0.524267;-0.018776;-0.410268;345;0.104963;1.375888;0.352420;-0.714258;0.542686;0.369589;0.242347
NA;197901;32;0.066987;1.494654;0.091215;0.996858;0.042563;-0.055394;0.037326;0.027189;1.492071;0.391594;-0.918366;0.129786;0.354844;0.117669;0.063912;1.463051;0.353295;-0.886119;0.265405;0.359801;0.122052;0.078710;1.407415;0.351734;-0.720076;0.544401;0.358008;0.238640;0.042657;1.483761;0.375564;-0.909090;0.149616;0.374822;0.103342;0.014117;1.500018;0.407267;-0.918366;0.129786;0.354844;0.117669;0.046895;1.441584;0.392830;-0.232634;-0.914757;0.116626;-0.309029;0.080870;1.465079;0.366935;-0.909529;0.016484;0.411251;0.057945;0.091439;1.407007;0.361870;-0.720076;0.544401;0.358008;0.238640;0.049535;1.468340;0.394701;-0.635888;-0.652417;0.330268;-0.246823;0.059216;1.428447;0.376296;-0.232634;-0.914757;0.116626;-0.309029;0.094279;1.420810;0.359767;-0.720076;0.544401;0.358008;0.238640;0.069892;1.425692;0.405692;-0.097621;-0.879615;0.282356;-0.370167;0.099971;1.446958;0.398901;-0.844142;-0.106920;0.518258;0.086034;0.106573;1.406705;0.380724;-0.707870;0.406205;0.362589;0.449942;0.073123;1.444213;0.412123;-0.540971;-0.694214;0.424122;-0.213397;0.081862;1.416652;0.390318;-0.097621;-0.879615;0.282356;-0.370167;2023/05/01 13:57:26.5057;0.058988;1.431239;0.399063;-0.108913;-0.907955;0.186811;-0.358968;0.091572;1.458306;0.382857;-0.892335;-0.061445;0.442663;0.063345;0.103907;1.407976;0.372713;-0.720076;0.544401;0.358008;0.238640;0.061138;1.456262;0.405767;-0.561366;-0.701833;0.369300;-0.236468;0.073045;1.421849;0.382238;-0.108913;-0.907955;0.186811;-0.358968;6e526951-250e-4037-8505-3204f70e406b;0.032606;1.456067;0.357081;-0.749446;0.515705;-0.029360;-0.414147;0.067243;1.403684;0.350591;-0.544629;0.731920;0.069404;-0.403555;0.046050;1.427260;0.348013;-0.728570;0.602287;0.009516;-0.326106;0.023164;1.475760;0.367239;-0.749446;0.515705;-0.029360;-0.414147;356;0.107688;1.376541;0.352598;-0.720076;0.544401;0.358008;0.238640
NA;197902;33;0.067019;1.494635;0.091105;0.996901;0.042470;-0.054610;0.037460;0.034166;1.493349;0.396696;-0.921733;0.124229;0.344242;0.128350;0.069675;1.464500;0.357153;-0.890803;0.260700;0.348163;0.131482;0.083186;1.408587;0.354413;-0.725165;0.544367;0.343349;0.244771;0.049205;1.485130;0.380217;-0.913017;0.143874;0.364330;0.113856;0.021515;1.501187;0.412765;-0.921733;0.124229;0.344242;0.128350;0.052809;1.442896;0.396724;-0.231665;-0.917510;0.128560;-0.296612;0.086916;1.465917;0.370514;-0.912581;0.015531;0.402178;0.072165;0.096088;1.407725;0.364302;-0.725165;0.544367;0.343349;0.244771;0.056185;1.469545;0.398902;-0.637658;-0.654624;0.334494;-0.230159;0.064471;1.429665;0.379791;-0.231665;-0.917510;0.128560;-0.296612;0.099196;1.421491;0.362360;-0.725165;0.544367;0.343349;0.244771;0.075690;1.426199;0.408849;-0.097671;-0.880280;0.295428;-0.358176;0.106173;1.446830;0.401817;-0.846990;-0.106692;0.510744;0.101810;0.111542;1.406758;0.382851;-0.709468;0.408254;0.347790;0.457194;0.079519;1.444524;0.415506;-0.542155;-0.695090;0.429399;-0.196303;0.087136;1.417122;0.393102;-0.097671;-0.880280;0.295428;-0.358176;2023/05/01 13:57:26.5173;0.064774;1.432180;0.402552;-0.108354;-0.909645;0.200194;-0.347459;0.097746;1.458636;0.386122;-0.895134;-0.061736;0.434395;0.078898;0.108763;1.408226;0.374912;-0.725165;0.544367;0.343349;0.244771;0.067707;1.457035;0.409582;-0.562631;-0.703365;0.374819;-0.219624;0.078265;1.422695;0.385322;-0.108354;-0.909645;0.200194;-0.347459;6e526951-250e-4037-8505-3204f70e406b;0.038372;1.458163;0.361588;-0.758865;0.503696;-0.039516;-0.410916;0.071618;1.405134;0.353442;-0.556173;0.723882;0.059049;-0.403955;0.050927;1.429227;0.351693;-0.738167;0.591886;-0.002283;-0.323691;0.029622;1.477873;0.372316;-0.758865;0.503696;-0.039516;-0.410916;368;0.111475;1.377065;0.354207;-0.725165;0.544367;0.343349;0.244771
NA;197903;34;0.067014;1.494661;0.091011;0.996936;0.042266;-0.053880;0.037813;0.045589;1.495126;0.405558;-0.928237;0.117362;0.322857;0.142711;0.078830;1.466664;0.363820;-0.899529;0.253756;0.325731;0.142669;0.090703;1.410506;0.359260;-0.734902;0.544384;0.319208;0.248338;0.059774;1.487050;0.388271;-0.920425;0.136820;0.343121;0.127933;0.033768;1.502788;0.422329;-0.928237;0.117362;0.322857;0.142711;0.062802;1.444628;0.403569;-0.228888;-0.923391;0.141190;-0.273909;0.096591;1.467289;0.376544;-0.919084;0.012143;0.383564;0.089530;0.103949;1.409061;0.368614;-0.734902;0.544384;0.319208;0.248338;0.067075;1.471110;0.406169;-0.640361;-0.660582;0.334466;-0.204210;0.073392;1.431423;0.385927;-0.228888;-0.923391;0.141190;-0.273909;0.107346;1.422777;0.366850;-0.734902;0.544384;0.319208;0.248338;0.085693;1.427030;0.414377;-0.097941;-0.883750;0.310162;-0.336442;0.116482;1.446917;0.406617;-0.853894;-0.106611;0.494540;0.122187;0.120046;1.407211;0.386490;-0.714768;0.412589;0.323123;0.463108;0.090318;1.445077;0.421286;-0.545215;-0.698520;0.431197;-0.169941;0.096272;1.418020;0.397997;-0.097941;-0.883750;0.310162;-0.336442;2023/05/01 13:57:26.5285;0.074702;1.433484;0.408662;-0.106614;-0.914351;0.215234;-0.325991;0.107797;1.459333;0.391546;-0.901348;-0.063788;0.416950;0.098266;0.117013;1.408952;0.378701;-0.734902;0.544384;0.319208;0.248338;0.078645;1.458073;0.416120;-0.564932;-0.708197;0.376699;-0.193406;0.087243;1.424031;0.390712;-0.106614;-0.914351;0.215234;-0.325991;6e526951-250e-4037-8505-3204f70e406b;0.047839;1.461141;0.369589;-0.771708;0.482732;-0.058431;-0.409906;0.079013;1.407388;0.358698;-0.572145;0.709441;0.041741;-0.409392;0.059019;1.432121;0.358376;-0.751173;0.574353;-0.023042;-0.324541;0.040227;1.480793;0.381250;-0.771708;0.482732;-0.058431;-0.409906;379;0.118100;1.378265;0.357156;-0.734902;0.544384;0.319208;0.248338
NA;197904;35;0.067014;1.494746;0.090907;0.996980;0.041659;-0.053372;0.038051;0.056568;1.496505;0.413783;-0.933817;0.110599;0.302219;0.156259;0.087588;1.468548;0.370039;-0.907284;0.246714;0.304143;0.153184;0.097868;1.412246;0.363812;-0.743749;0.544020;0.296178;0.251314;0.069916;1.488615;0.395760;-0.926870;0.129860;0.322649;0.141235;0.045558;1.503955;0.431190;-0.933817;0.110599;0.302219;0.156259;0.072370;1.446077;0.409931;-0.226229;-0.928409;0.152767;-0.252070;0.105803;1.468435;0.382120;-0.924739;0.008906;0.365529;0.105674;0.111413;1.410260;0.372631;-0.743749;0.544020;0.296178;0.251314;0.077493;1.472371;0.412885;-0.642633;-0.665812;0.333899;-0.179525;0.081919;1.432939;0.391657;-0.226229;-0.928409;0.152767;-0.252070;0.115077;1.423919;0.371017;-0.743749;0.544020;0.296178;0.251314;0.095218;1.427673;0.419466;-0.098179;-0.886581;0.323629;-0.315594;0.126237;1.446869;0.410971;-0.860018;-0.106340;0.478681;0.141161;0.128075;1.407582;0.389818;-0.719477;0.416425;0.299567;0.468191;0.100591;1.445434;0.426572;-0.547895;-0.701357;0.432321;-0.144942;0.104957;1.418765;0.402520;-0.098179;-0.886581;0.323629;-0.315594;2023/05/01 13:57:26.5397;0.084185;1.434554;0.414316;-0.104903;-0.918313;0.229048;-0.305343;0.117334;1.459851;0.396517;-0.906750;-0.065644;0.399964;0.116293;0.124810;1.409582;0.382187;-0.743749;0.544020;0.296178;0.251314;0.089081;1.458859;0.422131;-0.566833;-0.712378;0.377924;-0.168499;0.095803;1.425177;0.395717;-0.104903;-0.918313;0.229048;-0.305343;6e526951-250e-4037-8505-3204f70e406b;0.057018;1.463740;0.377111;-0.783363;0.461983;-0.076734;-0.408689;0.086090;1.409432;0.363659;-0.586798;0.695137;0.025106;-0.414515;0.066824;1.434717;0.364687;-0.762966;0.556988;-0.043064;-0.325259;0.050541;1.483274;0.389624;-0.783363;0.461983;-0.076734;-0.408689;391;0.124351;1.379403;0.359915;-0.743749;0.544020;0.296178;0.251314
NA;197905;36;0.066967;1.494857;0.090851;0.997042;0.040993;-0.052700;0.038079;0.064927;1.497455;0.411789;-0.935704;0.092952;0.298108;0.164164;0.095184;1.470080;0.367258;-0.908767;0.242624;0.296642;0.165165;0.103222;1.413402;0.361311;-0.738932;0.552655;0.282497;0.262198;0.078154;1.490077;0.393462;-0.928857;0.115489;0.318180;0.150493;0.053975;1.504260;0.429494;-0.935704;0.092952;0.298108;0.164164;0.079524;1.448529;0.407428;-0.233868;-0.926033;0.169395;-0.243053;0.113502;1.469319;0.379158;-0.924308;0.019944;0.360522;0.123619;0.116791;1.410942;0.369983;-0.738932;0.552655;0.282497;0.262198;0.085722;1.474610;0.410202;-0.649347;-0.658470;0.343342;-0.163959;0.088356;1.434953;0.389113;-0.233868;-0.926033;0.169395;-0.243053;0.120939;1.424428;0.368185;-0.738932;0.552655;0.282497;0.262198;0.101699;1.429237;0.416837;-0.108399;-0.881302;0.340522;-0.309194;0.133378;1.447112;0.407913;-0.859840;-0.093897;0.476229;0.158319;0.133486;1.407687;0.386938;-0.710799;0.426177;0.288986;0.479192;0.107873;1.446791;0.423804;-0.554625;-0.692015;0.443199;-0.130692;0.110871;1.419866;0.399824;-0.108399;-0.881302;0.340522;-0.309194;2023/05/01 13:57:26.5504;0.090817;1.436683;0.411889;-0.117192;-0.914377;0.247790;-0.297963;0.124838;1.460362;0.393483;-0.906638;-0.052691;0.396173;0.135196;0.130224;1.409777;0.379329;-0.738932;0.552655;0.282497;0.262198;0.096890;1.460804;0.419444;-0.575598;-0.702577;0.389497;-0.152857;0.101756;1.426636;0.393228;-0.117192;-0.914377;0.247790;-0.297963;6e526951-250e-4037-8505-3204f70e406b;0.064657;1.466402;0.375396;-0.790471;0.455753;-0.093688;-0.398331;0.091344;1.411049;0.361392;-0.594127;0.691881;0.006056;-0.410217;0.073060;1.437040;0.362745;-0.768977;0.552114;-0.061787;-0.316271;0.059203;1.486156;0.388052;-0.790471;0.455753;-0.093688;-0.398331;401;0.128376;1.379537;0.357212;-0.738932;0.552655;0.282497;0.262198
NA;197906;37;0.066967;1.494975;0.090815;0.997112;0.039774;-0.052245;0.038154;0.078168;1.498114;0.416143;-0.936340;0.088842;0.284858;0.185018;0.106325;1.470490;0.370424;-0.910567;0.241484;0.280011;0.184792;0.111852;1.413634;0.363442;-0.740654;0.555130;0.261011;0.274108;0.090716;1.490646;0.397381;-0.930136;0.112694;0.304505;0.171536;0.067838;1.504893;0.434227;-0.936340;0.088842;0.284858;0.185018;0.090576;1.448982;0.410597;-0.233220;-0.926604;0.188978;-0.226497;0.124835;1.468768;0.381920;-0.925362;0.021344;0.349021;0.146401;0.125488;1.410469;0.371778;-0.740654;0.555130;0.261011;0.274108;0.097972;1.474718;0.413644;-0.651102;-0.657770;0.351948;-0.139777;0.098417;1.435350;0.391876;-0.233220;-0.926604;0.188978;-0.226497;0.130154;1.423795;0.370083;-0.740654;0.555130;0.261011;0.274108;0.112104;1.428647;0.419233;-0.112108;-0.877737;0.361350;-0.294001;0.144347;1.445276;0.409892;-0.860505;-0.088913;0.467404;0.182095;0.142369;1.406236;0.388299;-0.707030;0.431319;0.268675;0.491819;0.119200;1.445793;0.426338;-0.556535;-0.688000;0.453266;-0.107123;0.120465;1.419158;0.401871;-0.112108;-0.877737;0.361350;-0.294001;2023/05/01 13:57:26.5616;0.101448;1.436612;0.414627;-0.118582;-0.912901;0.268728;-0.283436;0.136076;1.459109;0.395858;-0.907241;-0.050137;0.386284;0.158699;0.139041;1.408586;0.380795;-0.740654;0.555130;0.261011;0.274108;0.108731;1.460316;0.422429;-0.577209;-0.700221;0.399710;-0.129431;0.111544;1.426427;0.395570;-0.118582;-0.912901;0.268728;-0.283436;6e526951-250e-4037-8505-3204f70e406b;0.076009;1.467965;0.379330;-0.802533;0.440738;-0.109890;-0.386802;0.099891;1.411778;0.363765;-0.608512;0.682287;-0.012322;-0.405026;0.082789;1.438506;0.365949;-0.780119;0.539595;-0.080368;-0.306255;0.071772;1.487685;0.392494;-0.802533;0.440738;-0.109890;-0.386802;412;0.135472;1.378822;0.358247;-0.740654;0.555130;0.261011;0.274108
NA;197907;38;0.066898;1.495153;0.090812;0.997189;0.038430;-0.051798;0.038134;0.091089;1.498705;0.420271;-0.936054;0.088156;0.271180;0.206138;0.117041;1.470714;0.373486;-0.911431;0.241767;0.263162;0.203930;0.120167;1.413806;0.365521;-0.742171;0.557062;0.240111;0.284975;0.102901;1.491047;0.401112;-0.930496;0.112959;0.290359;0.192636;0.081434;1.505566;0.438695;-0.936054;0.088156;0.271180;0.206138;0.101246;1.449206;0.413668;-0.232243;-0.926778;0.207369;-0.210105;0.135699;1.468077;0.384561;-0.925992;0.022180;0.337414;0.167923;0.133838;1.409973;0.373515;-0.742171;0.557062;0.240111;0.284975;0.109771;1.474561;0.416952;-0.652341;-0.656989;0.359574;-0.116293;0.108117;1.435582;0.394565;-0.232243;-0.926778;0.207369;-0.210105;0.138988;1.423130;0.371919;-0.742171;0.557062;0.240111;0.284975;0.122124;1.427938;0.421538;-0.115587;-0.873989;0.380876;-0.278778;0.154832;1.443382;0.411748;-0.860818;-0.084366;0.458256;0.204640;0.150867;1.404809;0.389598;-0.703351;0.435963;0.248830;0.503307;0.130084;1.444654;0.428751;-0.558038;-0.683994;0.462223;-0.084239;0.129683;1.418383;0.403848;-0.115587;-0.873989;0.380876;-0.278778;2023/05/01 13:57:26.5717;0.111711;1.436347;0.417246;-0.119090;-0.911250;0.288112;-0.269133;0.146831;1.457758;0.398108;-0.907424;-0.048340;0.376260;0.180758;0.147483;1.407411;0.382203;-0.742171;0.557062;0.240111;0.284975;0.120115;1.459600;0.425276;-0.578033;-0.698125;0.408740;-0.106914;0.120998;1.426108;0.397810;-0.119090;-0.911250;0.288112;-0.269133;6e526951-250e-4037-8505-3204f70e406b;0.087006;1.469264;0.383062;-0.813595;0.426066;-0.125200;-0.375308;0.108152;1.412418;0.366081;-0.621800;0.672868;-0.029785;-0.399657;0.092224;1.439789;0.369031;-0.790206;0.527436;-0.097901;-0.296312;0.083943;1.488889;0.396685;-0.813595;0.426066;-0.125200;-0.375308;423;0.142277;1.378183;0.359276;-0.742171;0.557062;0.240111;0.284975
NA;197908;39;0.066834;1.495307;0.090794;0.997220;0.037781;-0.051541;0.038323;0.098788;1.501127;0.418599;-0.934921;0.092480;0.267409;0.214158;0.123727;1.472300;0.371790;-0.909339;0.249054;0.257119;0.212049;0.125628;1.415262;0.364441;-0.737271;0.564539;0.232838;0.288989;0.110296;1.493152;0.399384;-0.929387;0.118654;0.286046;0.200847;0.089389;1.508208;0.437071;-0.934921;0.092480;0.267409;0.214158;0.107845;1.451511;0.412276;-0.238066;-0.924760;0.214759;-0.204995;0.142419;1.469398;0.382741;-0.925475;0.030541;0.333989;0.176111;0.139293;1.411235;0.372355;-0.737271;0.564539;0.232838;0.288989;0.116911;1.476712;0.415287;-0.657559;-0.651136;0.363159;-0.108419;0.114305;1.437633;0.393213;-0.238066;-0.924760;0.214759;-0.204995;0.144685;1.424263;0.370548;-0.737271;0.564539;0.232838;0.288989;0.128322;1.429892;0.420223;-0.124244;-0.870610;0.388092;-0.275656;0.161270;1.444600;0.410031;-0.860873;-0.075323;0.456621;0.211474;0.156335;1.405887;0.388322;-0.696893;0.444233;0.244098;0.507360;0.136686;1.446506;0.427210;-0.564027;-0.676903;0.466504;-0.077782;0.135530;1.420016;0.402563;-0.124244;-0.870610;0.388092;-0.275656;2023/05/01 13:57:26.5844;0.118048;1.438508;0.415943;-0.127154;-0.908765;0.295843;-0.265436;0.153451;1.458993;0.396305;-0.907265;-0.039367;0.373756;0.188751;0.152943;1.408481;0.380928;-0.737271;0.564539;0.232838;0.288989;0.127012;1.461651;0.423677;-0.584216;-0.691420;0.413144;-0.099716;0.126959;1.427905;0.396526;-0.127154;-0.908765;0.295843;-0.265436;6e526951-250e-4037-8505-3204f70e406b;0.093895;1.471522;0.381925;-0.815977;0.424061;-0.136734;-0.368317;0.113595;1.414127;0.365153;-0.622595;0.673124;-0.042177;-0.396863;0.098272;1.441850;0.368024;-0.791107;0.526951;-0.109837;-0.290532;0.091482;1.491282;0.395485;-0.815977;0.424061;-0.136734;-0.368317;434;0.146951;1.379129;0.358354;-0.737271;0.564539;0.232838;0.288989
NA;197909;40;0.066789;1.495437;0.090748;0.997222;0.037343;-0.051513;0.038725;0.106507;1.503396;0.417221;-0.933750;0.096975;0.262992;0.222583;0.130346;1.473766;0.370357;-0.907276;0.256110;0.250426;0.220331;0.131036;1.416641;0.363541;-0.732855;0.571417;0.225092;0.292814;0.117673;1.495103;0.397939;-0.928251;0.124475;0.281065;0.209427;0.097395;1.510699;0.435751;-0.933750;0.096975;0.262992;0.222583;0.114432;1.453614;0.411109;-0.242830;-0.923023;0.221975;-0.199472;0.149075;1.470583;0.381166;-0.925003;0.038004;0.330052;0.184369;0.144696;1.412411;0.371359;-0.732855;0.571417;0.225092;0.292814;0.124022;1.478647;0.413889;-0.662109;-0.645995;0.366430;-0.100159;0.120477;1.439537;0.392055;-0.242830;-0.923023;0.221975;-0.199472;0.150322;1.425307;0.369358;-0.732855;0.571417;0.225092;0.292814;0.134514;1.431647;0.419092;-0.132145;-0.867418;0.395183;-0.271945;0.167671;1.445651;0.408508;-0.860947;-0.067139;0.454485;0.218417;0.161761;1.406856;0.387192;-0.690865;0.452039;0.238713;0.511256;0.143272;1.448143;0.425874;-0.569481;-0.670358;0.470413;-0.070871;0.141360;1.421493;0.401446;-0.132145;-0.867418;0.395183;-0.271945;2023/05/01 13:57:26.5956;0.124379;1.440469;0.414839;-0.134314;-0.906446;0.303453;-0.261212;0.160018;1.460078;0.394724;-0.907105;-0.031285;0.370740;0.196807;0.158355;1.409453;0.379805;-0.732855;0.571417;0.225092;0.292814;0.133890;1.463480;0.422310;-0.589758;-0.685311;0.417198;-0.092087;0.132904;1.429554;0.395422;-0.134314;-0.906446;0.303453;-0.261212;6e526951-250e-4037-8505-3204f70e406b;0.100742;1.473634;0.381059;-0.818520;0.421124;-0.148136;-0.361574;0.118992;1.415756;0.364408;-0.623772;0.672631;-0.054330;-0.394366;0.104274;1.443809;0.367246;-0.792250;0.525621;-0.121678;-0.285058;0.098985;1.493487;0.394583;-0.818520;0.421124;-0.148136;-0.361574;446;0.151569;1.380031;0.357550;-0.732855;0.571417;0.225092;0.292814
NA;197910;41;0.066761;1.495542;0.090685;0.997234;0.036987;-0.051375;0.038961;0.114210;1.505512;0.416084;-0.932532;0.101471;0.258065;0.231279;0.136882;1.475124;0.369141;-0.905228;0.262878;0.243219;0.228695;0.136379;1.417948;0.362790;-0.728841;0.577769;0.216988;0.296463;0.125005;1.496910;0.396726;-0.927075;0.130271;0.275551;0.218250;0.105412;1.513029;0.434679;-0.932532;0.101471;0.258065;0.231279;0.120984;1.455538;0.410127;-0.246694;-0.921515;0.229033;-0.193641;0.155648;1.471650;0.379795;-0.924553;0.044706;0.325708;0.192659;0.150037;1.413508;0.370501;-0.728841;0.577769;0.216988;0.296463;0.131080;1.480392;0.412711;-0.666083;-0.641448;0.369439;-0.091611;0.126612;1.441309;0.391058;-0.246694;-0.921515;0.229033;-0.193641;0.155885;1.426272;0.368320;-0.728841;0.577769;0.216988;0.296463;0.140673;1.433228;0.418114;-0.139403;-0.864378;0.402149;-0.267758;0.174012;1.446556;0.407147;-0.861026;-0.059688;0.451944;0.225428;0.167129;1.407730;0.386183;-0.685203;0.459427;0.232814;0.514997;0.149814;1.449591;0.424708;-0.574469;-0.664274;0.474003;-0.063608;0.147151;1.422832;0.400469;-0.139403;-0.864378;0.402149;-0.267758;2023/05/01 13:57:26.6058;0.130678;1.442256;0.413901;-0.140711;-0.904259;0.310944;-0.256573;0.166512;1.461030;0.393327;-0.906933;-0.023957;0.367313;0.204891;0.163704;1.410339;0.378810;-0.728841;0.577769;0.216988;0.296463;0.140722;1.465114;0.421137;-0.594754;-0.679697;0.420955;-0.084127;0.138810;1.431073;0.394467;-0.140711;-0.904259;0.310944;-0.256573;6e526951-250e-4037-8505-3204f70e406b;0.107531;1.475610;0.380417;-0.821177;0.417382;-0.159393;-0.355042;0.124333;1.417311;0.363816;-0.625250;0.671501;-0.066245;-0.392122;0.110218;1.445671;0.366659;-0.793582;0.523559;-0.133409;-0.279848;0.106436;1.495519;0.393928;-0.821177;0.417382;-0.159393;-0.355042;457;0.156121;1.380893;0.356845;-0.728841;0.577769;0.216988;0.296463
NA;197911;42;0.066742;1.495632;0.090617;0.997224;0.036715;-0.051534;0.039250;0.128709;1.504261;0.422382;-0.929690;0.099328;0.242393;0.258952;0.148579;1.473729;0.374275;-0.903966;0.261982;0.222896;0.254025;0.145390;1.416873;0.366067;-0.733128;0.573035;0.192931;0.311340;0.138566;1.495504;0.402598;-0.924926;0.130262;0.258771;0.246133;0.120722;1.511771;0.441343;-0.929690;0.099328;0.242393;0.258952;0.132527;1.453407;0.414725;-0.233262;-0.922873;0.249775;-0.177505;0.167339;1.469072;0.384479;-0.923322;0.037024;0.313609;0.218527;0.158949;1.411575;0.373396;-0.733128;0.573035;0.192931;0.311340;0.143699;1.477699;0.418097;-0.658123;-0.646892;0.379582;-0.065740;0.137322;1.439760;0.395014;-0.233262;-0.922873;0.249775;-0.177505;0.165341;1.424131;0.371547;-0.733128;0.573035;0.192931;0.311340;0.151284;1.430027;0.421718;-0.133824;-0.859803;0.424220;-0.250733;0.184992;1.442298;0.410680;-0.858323;-0.063051;0.442463;0.252056;0.176025;1.404528;0.388603;-0.682809;0.457658;0.208216;0.530063;0.161210;1.445748;0.428727;-0.567609;-0.664431;0.484666;-0.038089;0.157024;1.419971;0.403626;-0.133824;-0.859803;0.424220;-0.250733;2023/05/01 13:57:26.6174;0.141642;1.439511;0.417875;-0.131378;-0.901913;0.333353;-0.241182;0.177931;1.457539;0.397468;-0.904533;-0.031563;0.357196;0.230727;0.172602;1.407529;0.381380;-0.733128;0.573035;0.192931;0.311340;0.152724;1.461648;0.425805;-0.586500;-0.682492;0.432130;-0.059042;0.149032;1.428740;0.397920;-0.131378;-0.901913;0.333353;-0.241182;6e526951-250e-4037-8505-3204f70e406b;0.119540;1.475310;0.385667;-0.833523;0.400869;-0.169348;-0.340390;0.133342;1.416740;0.367256;-0.643735;0.657969;-0.080987;-0.382261;0.120659;1.445652;0.371105;-0.805874;0.508149;-0.146783;-0.266094;0.119526;1.494891;0.399692;-0.833523;0.400869;-0.169348;-0.340390;468;0.163343;1.379190;0.358615;-0.733128;0.573035;0.192931;0.311340
NA;197912;43;0.066736;1.495691;0.090542;0.997219;0.036695;-0.051624;0.039286;0.140676;1.503807;0.424531;-0.927484;0.099854;0.229415;0.277796;0.158200;1.473008;0.375700;-0.902083;0.265053;0.205962;0.271242;0.152667;1.416416;0.366969;-0.732215;0.575584;0.172642;0.320560;0.149748;1.494896;0.404442;-0.923142;0.132706;0.244773;0.265110;0.133357;1.511340;0.443750;-0.927484;0.099854;0.229415;0.277796;0.142222;1.452821;0.416179;-0.231113;-0.921660;0.265969;-0.162452;0.176970;1.467519;0.385463;-0.922237;0.039474;0.301860;0.238332;0.166166;1.410519;0.373950;-0.732215;0.575584;0.172642;0.320560;0.154379;1.476618;0.419672;-0.658211;-0.644944;0.385829;-0.044063;0.146147;1.439344;0.396160;-0.231113;-0.921660;0.265969;-0.162452;0.172985;1.422842;0.372081;-0.732215;0.575584;0.172642;0.320560;0.160179;1.428554;0.422494;-0.136876;-0.855148;0.440197;-0.237094;0.194106;1.439782;0.410998;-0.857245;-0.058928;0.433896;0.270913;0.183250;1.402646;0.388696;-0.677216;0.463050;0.189400;0.539528;0.170790;1.443811;0.429526;-0.568064;-0.659874;0.491458;-0.018435;0.165198;1.418539;0.404166;-0.136876;-0.855148;0.440197;-0.237094;2023/05/01 13:57:26.6276;0.150846;1.438448;0.418924;-0.131512;-0.898958;0.350098;-0.228058;0.187370;1.455436;0.398103;-0.903223;-0.029377;0.347432;0.250233;0.179799;1.405860;0.381578;-0.732215;0.575584;0.172642;0.320560;0.162867;1.460045;0.426975;-0.586200;-0.679528;0.439435;-0.038839;0.157492;1.427744;0.398673;-0.131512;-0.898958;0.350098;-0.228058;6e526951-250e-4037-8505-3204f70e406b;0.129633;1.475542;0.387880;-0.841406;0.386647;-0.185253;-0.328970;0.140655;1.416728;0.368439;-0.654162;0.647919;-0.099009;-0.377452;0.129218;1.446067;0.372917;-0.812656;0.496581;-0.164599;-0.256719;0.130782;1.494882;0.402190;-0.841406;0.386647;-0.185253;-0.328970;478;0.169001;1.378166;0.358699;-0.732215;0.575584;0.172642;0.320560
NA;197913;44;0.066782;1.495732;0.090460;0.997200;0.036621;-0.051826;0.039553;0.152249;1.503146;0.426496;-0.925019;0.099902;0.216909;0.295485;0.167517;1.472225;0.377004;-0.899933;0.267633;0.189564;0.287331;0.159752;1.415972;0.367832;-0.731040;0.577808;0.153075;0.329071;0.160564;1.494139;0.406125;-0.921075;0.134633;0.231209;0.282910;0.145564;1.510656;0.445954;-0.925019;0.099902;0.216909;0.295485;0.151632;1.452168;0.417517;-0.228951;-0.920082;0.281351;-0.147896;0.186261;1.465947;0.386329;-0.920782;0.041878;0.290299;0.257162;0.173169;1.409511;0.374468;-0.731040;0.577808;0.153075;0.329071;0.164716;1.475455;0.421097;-0.658052;-0.642745;0.391546;-0.023198;0.154721;1.438890;0.397221;-0.228951;-0.920082;0.281351;-0.147896;0.180381;1.421598;0.372561;-0.731040;0.577808;0.153075;0.329071;0.168778;1.427076;0.423174;-0.139700;-0.850405;0.455162;-0.223883;0.202870;1.437319;0.411222;-0.855899;-0.055103;0.425492;0.288717;0.190225;1.400856;0.388754;-0.671611;0.468080;0.171239;0.548194;0.180025;1.441868;0.430211;-0.568258;-0.655324;0.497628;0.000346;0.173105;1.417131;0.404633;-0.139700;-0.850405;0.455162;-0.223883;2023/05/01 13:57:26.6394;0.159760;1.437356;0.419869;-0.131474;-0.895788;0.365900;-0.215397;0.196459;1.453353;0.398630;-0.901603;-0.027269;0.337845;0.268754;0.186755;1.404273;0.381741;-0.731040;0.577808;0.153075;0.329071;0.172660;1.458404;0.428013;-0.585649;-0.676442;0.446164;-0.019477;0.165695;1.426751;0.399347;-0.131474;-0.895788;0.365900;-0.215397;6e526951-250e-4037-8505-3204f70e406b;0.139473;1.475614;0.390006;-0.848617;0.372025;-0.200705;-0.318064;0.147796;1.416704;0.369587;-0.663850;0.637632;-0.116309;-0.373098;0.137575;1.446390;0.374669;-0.818827;0.484725;-0.181857;-0.247975;0.141752;1.494654;0.404580;-0.848617;0.372025;-0.200705;-0.318064;490;0.174501;1.377249;0.358793;-0.731040;0.577808;0.153075;0.329071
NA;197914;45;0.066832;1.495782;0.090407;0.997203;0.036705;-0.052050;0.039116;0.165548;1.503109;0.433418;-0.921243;0.097447;0.206211;0.315106;0.178827;1.472415;0.383221;-0.897284;0.266354;0.175112;0.305408;0.168810;1.416697;0.373001;-0.731371;0.575162;0.134290;0.340957;0.173204;1.494118;0.412784;-0.917807;0.133648;0.219506;0.302632;0.159409;1.510509;0.453097;-0.921243;0.097447;0.206211;0.315106;0.162695;1.452184;0.423494;-0.222528;-0.918049;0.298927;-0.135313;0.197426;1.465240;0.392184;-0.917746;0.039885;0.280941;0.277892;0.182043;1.409597;0.379344;-0.731371;0.575162;0.134290;0.340957;0.176703;1.474872;0.427415;-0.653635;-0.642372;0.400142;-0.002607;0.165073;1.439278;0.402865;-0.222528;-0.918049;0.298927;-0.135313;0.189697;1.421438;0.377606;-0.731371;0.575162;0.134290;0.340957;0.178883;1.426217;0.428388;-0.137728;-0.844490;0.472423;-0.211387;0.213220;1.435500;0.416291;-0.852059;-0.055557;0.418877;0.308951;0.198931;1.400010;0.393256;-0.666786;0.467734;0.152678;0.559741;0.190737;1.440433;0.435612;-0.563769;-0.652198;0.506376;0.019644;0.182618;1.416510;0.409594;-0.137728;-0.844490;0.472423;-0.211387;2023/05/01 13:57:26.6506;0.170228;1.436912;0.425394;-0.127450;-0.891385;0.384244;-0.203830;0.207279;1.452019;0.404103;-0.897899;-0.029752;0.330345;0.289419;0.195512;1.403700;0.386357;-0.731371;0.575162;0.134290;0.340957;0.183992;1.457276;0.433857;-0.580701;-0.674644;0.455679;0.000188;0.175542;1.426560;0.404575;-0.127450;-0.891385;0.384244;-0.203830;6e526951-250e-4037-8505-3204f70e406b;0.151180;1.476723;0.396326;-0.856663;0.360046;-0.209649;-0.304208;0.156909;1.417847;0.374897;-0.676096;0.627708;-0.129541;-0.363450;0.147968;1.447839;0.380572;-0.826451;0.473573;-0.193490;-0.235092;0.154352;1.495432;0.411160;-0.856663;0.360046;-0.209649;-0.304208;501;0.181968;1.377635;0.363027;-0.731371;0.575162;0.134290;0.340957
NA;197915;46;0.066927;1.495822;0.090343;0.997197;0.036882;-0.052176;0.038929;0.175580;1.502721;0.433432;-0.920463;0.104544;0.196203;0.321441;0.187133;1.471473;0.383151;-0.895487;0.274453;0.163273;0.310034;0.176018;1.415884;0.373373;-0.728856;0.581254;0.122647;0.340398;0.182598;1.493467;0.412686;-0.917028;0.141944;0.208735;0.308773;0.169990;1.510305;0.453204;-0.920463;0.104544;0.196203;0.321441;0.171560;1.451655;0.423794;-0.226680;-0.917014;0.303532;-0.124782;0.205802;1.464037;0.391750;-0.918261;0.046737;0.271254;0.284665;0.189266;1.408598;0.379466;-0.728856;0.581254;0.122647;0.340398;0.186000;1.474127;0.427380;-0.658322;-0.638528;0.398520;0.008674;0.173343;1.438708;0.403131;-0.226680;-0.917014;0.303532;-0.124782;0.197071;1.420308;0.377521;-0.728856;0.581254;0.122647;0.340398;0.187390;1.425328;0.428412;-0.145487;-0.842966;0.476664;-0.202569;0.221628;1.434141;0.415641;-0.853960;-0.049106;0.411634;0.314481;0.206292;1.398796;0.393062;-0.662945;0.476166;0.143011;0.559748;0.199572;1.439401;0.435365;-0.569377;-0.647771;0.505330;0.029069;0.190602;1.415507;0.409580;-0.145487;-0.842966;0.476664;-0.202569;2023/05/01 13:57:26.6618;0.178839;1.436189;0.425578;-0.134079;-0.890274;0.389502;-0.194227;0.215694;1.450706;0.403513;-0.898981;-0.023587;0.321949;0.296015;0.202787;1.402513;0.386221;-0.728856;0.581254;0.122647;0.340398;0.193079;1.456360;0.433710;-0.586053;-0.670440;0.454900;0.010875;0.183567;1.425706;0.404683;-0.134079;-0.890274;0.389502;-0.194227;6e526951-250e-4037-8505-3204f70e406b;0.159874;1.476328;0.396695;-0.855896;0.357800;-0.222300;-0.300008;0.164178;1.417231;0.375511;-0.676149;0.624608;-0.142849;-0.363705;0.155871;1.447401;0.381201;-0.824817;0.472256;-0.206481;-0.232417;0.163661;1.495070;0.411342;-0.855896;0.357800;-0.222300;-0.300008;512;0.188340;1.376579;0.363292;-0.728856;0.581254;0.122647;0.340398
NA;197916;47;0.067039;1.495868;0.090290;0.997212;0.036866;-0.052168;0.038578;0.185496;1.502282;0.433446;-0.919476;0.111161;0.186207;0.327925;0.195332;1.470560;0.383100;-0.893570;0.281970;0.151448;0.314785;0.183111;1.415130;0.373745;-0.726334;0.586949;0.110872;0.340054;0.191876;1.492795;0.412601;-0.916043;0.149732;0.197967;0.315048;0.180453;1.510026;0.453303;-0.919476;0.111161;0.186207;0.327925;0.180307;1.451120;0.424078;-0.230439;-0.915834;0.308369;-0.114261;0.214052;1.462847;0.391334;-0.918524;0.053215;0.261586;0.291642;0.196364;1.407647;0.379588;-0.726334;0.586949;0.110872;0.340054;0.195176;1.473360;0.427343;-0.662593;-0.634743;0.397075;0.020096;0.181497;1.438154;0.403385;-0.230439;-0.915834;0.308369;-0.114261;0.204316;1.419222;0.377442;-0.726334;0.586949;0.110872;0.340054;0.195756;1.424425;0.428412;-0.152805;-0.841283;0.481000;-0.193736;0.229885;1.432772;0.414995;-0.855605;-0.043030;0.404444;0.320179;0.213509;1.397611;0.392863;-0.659027;0.484212;0.133140;0.559908;0.208258;1.438342;0.435105;-0.574539;-0.643434;0.504391;0.038566;0.198449;1.414511;0.409548;-0.152805;-0.841283;0.481000;-0.193736;2023/05/01 13:57:26.6725;0.187321;1.435465;0.425751;-0.140482;-0.888936;0.394965;-0.184555;0.223969;1.449394;0.402935;-0.899809;-0.017684;0.313571;0.302828;0.209922;1.401363;0.386083;-0.726334;0.586949;0.110872;0.340054;0.202033;1.455425;0.433557;-0.591080;-0.666180;0.454265;0.021727;0.191458;1.424868;0.404788;-0.140482;-0.888936;0.394965;-0.184555;6e526951-250e-4037-8505-3204f70e406b;0.168462;1.475946;0.397096;-0.855200;0.354979;-0.234726;-0.295849;0.171342;1.416677;0.376121;-0.676427;0.621038;-0.155905;-0.363940;0.163673;1.447009;0.381847;-0.823309;0.470393;-0.219280;-0.229803;0.172860;1.494691;0.411567;-0.855200;0.354979;-0.234726;-0.295849;523;0.194581;1.375597;0.363549;-0.726334;0.586949;0.110872;0.340054
NA;197917;48;0.067215;1.495912;0.090228;0.997210;0.037024;-0.052312;0.038285;0.194864;1.498125;0.437300;-0.921513;0.103189;0.169472;0.333834;0.203067;1.467709;0.385860;-0.897626;0.274156;0.134252;0.317934;0.190216;1.412712;0.374903;-0.735977;0.578828;0.095056;0.338024;0.200593;1.489138;0.416048;-0.918721;0.142557;0.180925;0.320773;0.190398;1.505351;0.457488;-0.921513;0.103189;0.169472;0.333834;0.188771;1.446887;0.426355;-0.215308;-0.920450;0.310816;-0.099035;0.221904;1.459596;0.393417;-0.920955;0.040220;0.246542;0.299066;0.203529;1.404945;0.380207;-0.735977;0.578828;0.095056;0.338024;0.203845;1.468899;0.430170;-0.654175;-0.645793;0.392071;0.035878;0.189509;1.434749;0.405144;-0.215308;-0.920450;0.310816;-0.099035;0.211535;1.416529;0.378296;-0.735977;0.578828;0.095056;0.338024;0.204040;1.419753;0.429322;-0.141914;-0.844975;0.484484;-0.176500;0.238020;1.428636;0.415707;-0.857433;-0.058069;0.391708;0.328635;0.220896;1.394350;0.392781;-0.666413;0.479733;0.114757;0.559089;0.216686;1.433381;0.436334;-0.566214;-0.653545;0.499330;0.054317;0.206341;1.410545;0.410053;-0.141914;-0.844975;0.484484;-0.176500;2023/05/01 13:57:26.6842;0.195636;1.431018;0.427278;-0.128012;-0.892085;0.399450;-0.168040;0.231969;1.445693;0.404341;-0.901389;-0.032117;0.299622;0.310955;0.217192;1.398352;0.386212;-0.735977;0.578828;0.095056;0.338024;0.210601;1.450593;0.435561;-0.582423;-0.675977;0.449866;0.038208;0.199306;1.421199;0.405854;-0.128012;-0.892085;0.399450;-0.168040;6e526951-250e-4037-8505-3204f70e406b;0.176586;1.472913;0.400319;-0.859858;0.337308;-0.240540;-0.298343;0.178506;1.414263;0.377557;-0.685739;0.606634;-0.159889;-0.369042;0.171240;1.444478;0.384327;-0.828989;0.455080;-0.225886;-0.233782;0.181480;1.491147;0.415276;-0.859858;0.337308;-0.240540;-0.298343;534;0.201165;1.373462;0.363176;-0.735977;0.578828;0.095056;0.338024
NA;197918;49;0.067434;1.495948;0.090197;0.997217;0.036990;-0.052334;0.038087;0.200256;1.497405;0.438679;-0.920740;0.105393;0.161490;0.339193;0.207273;1.467008;0.387045;-0.896945;0.276093;0.125327;0.321802;0.193741;1.412235;0.375772;-0.737201;0.578219;0.086497;0.338697;0.205524;1.488377;0.417326;-0.918050;0.145616;0.172384;0.325983;0.196182;1.504627;0.458951;-0.920740;0.105393;0.161490;0.339193;0.193216;1.445954;0.427499;-0.212130;-0.920632;0.314758;-0.091465;0.226113;1.458646;0.394315;-0.920928;0.038598;0.239676;0.304889;0.207033;1.404293;0.380861;-0.737201;0.578219;0.086497;0.338697;0.208564;1.467769;0.431359;-0.652975;-0.646728;0.391601;0.044901;0.193617;1.434054;0.406145;-0.212130;-0.920632;0.314758;-0.091465;0.215139;1.415810;0.378965;-0.737201;0.578219;0.086497;0.338697;0.208189;1.418435;0.429900;-0.140145;-0.844833;0.487783;-0.169367;0.242176;1.427345;0.416161;-0.857359;-0.062183;0.387200;0.333384;0.224446;1.393421;0.393158;-0.666246;0.480799;0.106186;0.560065;0.220978;1.431899;0.436970;-0.564170;-0.655082;0.498774;0.061679;0.210245;1.409424;0.410510;-0.140145;-0.844833;0.487783;-0.169367;2023/05/01 13:57:26.6954;0.199877;1.429874;0.428098;-0.125504;-0.891811;0.403823;-0.160779;0.236165;1.444554;0.405007;-0.901150;-0.035481;0.293963;0.316631;0.220705;1.397514;0.386665;-0.737201;0.578219;0.086497;0.338697;0.215097;1.449216;0.436466;-0.580407;-0.677187;0.449848;0.046715;0.203250;1.420275;0.406526;-0.125504;-0.891811;0.403823;-0.160779;6e526951-250e-4037-8505-3204f70e406b;0.181087;1.472459;0.401592;-0.861314;0.332182;-0.246308;-0.295172;0.182075;1.413882;0.378558;-0.688690;0.602093;-0.166192;-0.368199;0.175253;1.444151;0.385546;-0.830099;0.451035;-0.232116;-0.231573;0.186363;1.490557;0.416585;-0.861314;0.332182;-0.246308;-0.295172;546;0.204165;1.372975;0.363615;-0.737201;0.578219;0.086497;0.338697
NA;197919;50;0.067682;1.495991;0.090181;0.997251;0.036642;-0.052143;0.037811;0.205817;1.496665;0.439990;-0.919854;0.107545;0.153395;0.344634;0.211639;1.466318;0.388170;-0.896185;0.277891;0.116308;0.325731;0.197390;1.411784;0.376618;-0.738187;0.577767;0.077678;0.339457;0.210621;1.487610;0.418538;-0.917286;0.148483;0.163770;0.331237;0.202141;1.503874;0.460342;-0.919854;0.107545;0.153395;0.344634;0.197823;1.445072;0.428612;-0.209744;-0.920480;0.318967;-0.083570;0.230476;1.457701;0.395147;-0.920772;0.037516;0.232644;0.310882;0.210654;1.403661;0.381488;-0.738187;0.577767;0.077678;0.339457;0.213464;1.466676;0.432476;-0.652204;-0.647072;0.391135;0.054231;0.197856;1.433385;0.407137;-0.209744;-0.920480;0.318967;-0.083570;0.218864;1.415107;0.379594;-0.738187;0.577767;0.077678;0.339457;0.212482;1.417194;0.430465;-0.139035;-0.844341;0.491431;-0.162025;0.246465;1.426059;0.416552;-0.857255;-0.065178;0.382361;0.338623;0.228102;1.392508;0.393498;-0.665798;0.482063;0.097431;0.561103;0.225437;1.430483;0.437561;-0.562666;-0.655888;0.498382;0.069518;0.214266;1.408364;0.410965;-0.139035;-0.844341;0.491431;-0.162025;2023/05/01 13:57:26.7076;0.204272;1.428798;0.428897;-0.123611;-0.891280;0.408450;-0.153330;0.240504;1.443419;0.405606;-0.900821;-0.038019;0.288077;0.322626;0.224328;1.396692;0.387083;-0.738187;0.577767;0.077678;0.339457;0.219769;1.447897;0.437312;-0.578843;-0.677811;0.449920;0.055537;0.207324;1.419399;0.407190;-0.123611;-0.891280;0.408450;-0.153330;6e526951-250e-4037-8505-3204f70e406b;0.185756;1.472020;0.402852;-0.862622;0.326959;-0.252367;-0.292049;0.185772;1.413532;0.379544;-0.691636;0.597282;-0.172815;-0.367463;0.179414;1.443850;0.386756;-0.831152;0.446736;-0.238714;-0.229409;0.191424;1.489976;0.417871;-0.862622;0.326959;-0.252367;-0.292049;558;0.207253;1.372513;0.364042;-0.738187;0.577767;0.077678;0.339457
NA;197920;51;0.067956;1.496049;0.090167;0.997258;0.036729;-0.052141;0.037535;0.211546;1.495932;0.441220;-0.918809;0.109989;0.145123;0.350188;0.216140;1.465633;0.389241;-0.895254;0.279866;0.107113;0.329732;0.201143;1.411351;0.377443;-0.738964;0.577433;0.068644;0.340280;0.215872;1.486846;0.419680;-0.916360;0.151608;0.154968;0.336577;0.208281;1.503133;0.461645;-0.918809;0.109989;0.145123;0.350188;0.202563;1.444229;0.429703;-0.208028;-0.920018;0.323442;-0.075340;0.234964;1.456754;0.395920;-0.920484;0.036884;0.225438;0.317060;0.214372;1.403045;0.382089;-0.738964;0.577433;0.068644;0.340280;0.218518;1.465609;0.433530;-0.651849;-0.646828;0.390669;0.063917;0.202200;1.432736;0.408126;-0.208028;-0.920018;0.323442;-0.075340;0.222690;1.414413;0.380189;-0.738964;0.577433;0.068644;0.340280;0.216884;1.415994;0.431003;-0.138339;-0.843597;0.495303;-0.154539;0.250861;1.424774;0.416885;-0.857085;-0.067576;0.377358;0.344152;0.231845;1.391607;0.393806;-0.665105;0.483480;0.088523;0.562179;0.230024;1.429099;0.438104;-0.561489;-0.656203;0.498090;0.077677;0.218381;1.407336;0.411402;-0.138339;-0.843597;0.495303;-0.154539;2023/05/01 13:57:26.7178;0.208786;1.427761;0.429667;-0.122091;-0.890529;0.413302;-0.145717;0.244960;1.442283;0.406146;-0.900379;-0.040078;0.282035;0.328888;0.228040;1.395881;0.387470;-0.738964;0.577433;0.068644;0.340280;0.224580;1.446607;0.438102;-0.577550;-0.678002;0.450078;0.064648;0.211502;1.418554;0.407833;-0.122091;-0.890529;0.413302;-0.145717;6e526951-250e-4037-8505-3204f70e406b;0.190580;1.471597;0.404072;-0.863758;0.321837;-0.258719;-0.288803;0.189579;1.413206;0.380515;-0.694526;0.592334;-0.179823;-0.366658;0.183708;1.443570;0.387945;-0.832069;0.442412;-0.245661;-0.227120;0.196649;1.489413;0.419101;-0.863758;0.321837;-0.258719;-0.288803;568;0.210416;1.372071;0.364458;-0.738964;0.577433;0.068644;0.340280
NA;197921;52;0.068267;1.496110;0.090178;0.997313;0.036659;-0.051578;0.036911;0.219209;1.494108;0.441156;-0.918145;0.114096;0.131235;0.356047;0.221899;1.463915;0.388980;-0.894465;0.283741;0.092118;0.333074;0.205649;1.409956;0.377385;-0.738221;0.580892;0.052663;0.338854;0.222798;1.485025;0.419479;-0.915945;0.156037;0.140637;0.341933;0.216606;1.501278;0.461686;-0.918145;0.114096;0.131235;0.356047;0.209058;1.442514;0.429658;-0.209661;-0.918878;0.328722;-0.060395;0.240742;1.454681;0.395098;-0.920742;0.040463;0.211702;0.325238;0.218860;1.401401;0.381621;-0.738221;0.580892;0.052663;0.338854;0.225476;1.463592;0.433190;-0.654352;-0.644609;0.387303;0.079361;0.207937;1.431185;0.408021;-0.209661;-0.918878;0.328722;-0.060395;0.227306;1.412635;0.379522;-0.738221;0.580892;0.052663;0.338854;0.222833;1.413841;0.430316;-0.144282;-0.842021;0.500486;-0.140344;0.256650;1.422327;0.415474;-0.858661;-0.065515;0.366862;0.351884;0.236434;1.389608;0.392780;-0.662501;0.490350;0.073846;0.561423;0.236331;1.426705;0.437179;-0.564725;-0.653581;0.495512;0.091568;0.223642;1.405266;0.410639;-0.144282;-0.842021;0.500486;-0.140344;2023/05/01 13:57:26.7284;0.214932;1.425829;0.429307;-0.126078;-0.889289;0.419484;-0.131539;0.250762;1.439988;0.404980;-0.901058;-0.037490;0.269947;0.337368;0.232530;1.393978;0.386570;-0.738221;0.580892;0.052663;0.338854;0.231239;1.444359;0.437461;-0.580373;-0.675496;0.447820;0.079558;0.216911;1.416717;0.407355;-0.126078;-0.889289;0.419484;-0.131539;6e526951-250e-4037-8505-3204f70e406b;0.197029;1.470263;0.404538;-0.863323;0.313143;-0.274002;-0.285549;0.194217;1.411991;0.380811;-0.696596;0.583616;-0.195014;-0.368940;0.189161;1.442429;0.388531;-0.831245;0.435296;-0.261565;-0.226127;0.203890;1.487889;0.419450;-0.863323;0.313143;-0.274002;-0.285549;579;0.213870;1.370590;0.363947;-0.738221;0.580892;0.052663;0.338854
NA;197922;53;0.068602;1.496153;0.090181;0.997361;0.036676;-0.051016;0.036380;0.226793;1.492271;0.441055;-0.917310;0.117674;0.117867;0.361669;0.227663;1.462243;0.388722;-0.893565;0.287088;0.077684;0.336286;0.210190;1.408624;0.377355;-0.737280;0.584033;0.037026;0.337569;0.229676;1.483218;0.419260;-0.915362;0.159892;0.126850;0.347067;0.224823;1.499388;0.461674;-0.917310;0.117674;0.117867;0.361669;0.215529;1.440833;0.429588;-0.211220;-0.917457;0.334002;-0.045843;0.246499;1.452656;0.394293;-0.920677;0.043939;0.198330;0.333300;0.223365;1.399824;0.381189;-0.737280;0.584033;0.037026;0.337569;0.232393;1.461606;0.432821;-0.656572;-0.642222;0.384111;0.094464;0.213667;1.429676;0.407912;-0.211220;-0.917457;0.334002;-0.045843;0.231928;1.410925;0.378892;-0.737280;0.584033;0.037026;0.337569;0.228728;1.411737;0.429632;-0.150192;-0.840136;0.505608;-0.126386;0.262381;1.419934;0.414093;-0.859910;-0.063542;0.356707;0.359552;0.241005;1.387679;0.391798;-0.659720;0.496826;0.059468;0.560711;0.242572;1.424358;0.436255;-0.567708;-0.650786;0.493076;0.105176;0.228859;1.403252;0.409900;-0.150192;-0.840136;0.505608;-0.126386;2023/05/01 13:57:26.7396;0.221040;1.423941;0.428938;-0.129972;-0.887764;0.425589;-0.117714;0.256522;1.437745;0.403839;-0.901423;-0.034967;0.258220;0.345740;0.237015;1.392147;0.385714;-0.737280;0.584033;0.037026;0.337569;0.237841;1.442152;0.436806;-0.582924;-0.672824;0.445701;0.094118;0.222298;1.414932;0.406890;-0.129972;-0.887764;0.425589;-0.117714;6e526951-250e-4037-8505-3204f70e406b;0.203511;1.468943;0.404992;-0.862697;0.304319;-0.288941;-0.282236;0.198901;1.410834;0.381127;-0.698579;0.574678;-0.209907;-0.371042;0.194665;1.441325;0.389122;-0.830287;0.427966;-0.277151;-0.225067;0.211147;1.486360;0.419772;-0.862697;0.304319;-0.288941;-0.282236;590;0.217358;1.369195;0.363491;-0.737280;0.584033;0.037026;0.337569
NA;197923;54;0.069196;1.496068;0.090139;0.997412;0.036984;-0.050290;0.035662;0.228204;1.489255;0.442513;-0.921953;0.117196;0.106266;0.353519;0.228390;1.459773;0.389850;-0.898772;0.285020;0.068537;0.325999;0.211423;1.406052;0.378195;-0.743672;0.582873;0.030812;0.325978;0.230714;1.480439;0.420576;-0.920225;0.158873;0.115787;0.338436;0.226619;1.496169;0.463234;-0.921953;0.117196;0.106266;0.353519;0.217447;1.437628;0.430669;-0.208455;-0.921666;0.325339;-0.035105;0.247479;1.450389;0.394878;-0.925456;0.039685;0.186465;0.327395;0.224803;1.397395;0.381623;-0.743672;0.582873;0.030812;0.325978;0.234077;1.458601;0.433819;-0.657037;-0.648334;0.371636;0.099256;0.215269;1.426729;0.408892;-0.208455;-0.921666;0.325339;-0.035105;0.233156;1.408647;0.379278;-0.743672;0.582873;0.030812;0.325978;0.231004;1.408590;0.429915;-0.148667;-0.846453;0.498188;-0.114998;0.264262;1.417656;0.413902;-0.865581;-0.071018;0.345713;0.355258;0.242848;1.385376;0.391683;-0.667414;0.498499;0.052103;0.550765;0.244760;1.421343;0.436468;-0.568260;-0.658246;0.481253;0.110404;0.230844;1.400384;0.410065;-0.148667;-0.846453;0.498188;-0.114998;2023/05/01 13:57:26.7508;0.223132;1.420721;0.429580;-0.127198;-0.893049;0.418324;-0.106254;0.257924;1.435507;0.404008;-0.906297;-0.041131;0.246567;0.340792;0.238659;1.389861;0.385746;-0.743672;0.582873;0.030812;0.325978;0.239805;1.439074;0.437388;-0.582987;-0.679694;0.433815;0.099734;0.224056;1.412046;0.407383;-0.127198;-0.893049;0.418324;-0.106254;6e526951-250e-4037-8505-3204f70e406b;0.204497;1.465937;0.406718;-0.859720;0.296677;-0.294998;-0.292986;0.200190;1.408053;0.382244;-0.697091;0.567650;-0.211248;-0.383683;0.195703;1.438380;0.390713;-0.828044;0.422499;-0.281822;-0.237518;0.212265;1.483237;0.421567;-0.859720;0.296677;-0.294998;-0.292986;601;0.218833;1.366904;0.363678;-0.743672;0.582873;0.030812;0.325978
NA;197924;55;0.069502;1.496034;0.090069;0.997477;0.037411;-0.049359;0.034701;0.225121;1.487135;0.441769;-0.925722;0.113839;0.107965;0.344126;0.226132;1.457939;0.388948;-0.902971;0.280994;0.072514;0.316903;0.210268;1.403970;0.376908;-0.748660;0.579628;0.036695;0.319677;0.227881;1.478472;0.419802;-0.923952;0.155124;0.118076;0.329102;0.223339;1.493934;0.462513;-0.925722;0.113839;0.107965;0.344126;0.215484;1.435290;0.429573;-0.204258;-0.925551;0.316555;-0.037787;0.245386;1.448900;0.393979;-0.928488;0.033986;0.187446;0.318778;0.223807;1.395556;0.380320;-0.748660;0.579628;0.036695;0.319677;0.231679;1.456569;0.432925;-0.655143;-0.654415;0.365956;0.092761;0.213606;1.424502;0.407713;-0.204258;-0.925551;0.316555;-0.037787;0.231937;1.406986;0.378066;-0.748660;0.579628;0.036695;0.319677;0.229570;1.406412;0.428555;-0.142871;-0.851964;0.490106;-0.116368;0.262751;1.416382;0.412849;-0.867869;-0.080608;0.346242;0.347021;0.242046;1.383831;0.390354;-0.674314;0.494933;0.056311;0.545134;0.243009;1.419399;0.435305;-0.564988;-0.666323;0.475270;0.104506;0.229668;1.398369;0.408638;-0.142871;-0.851964;0.490106;-0.116368;2023/05/01 13:57:26.7625;0.221470;1.418434;0.428310;-0.121427;-0.897508;0.410014;-0.107807;0.256093;1.434168;0.403048;-0.908902;-0.048749;0.247013;0.332423;0.237788;1.388270;0.384432;-0.748660;0.579628;0.036695;0.319677;0.237728;1.437052;0.436359;-0.579950;-0.686849;0.427853;0.094010;0.222668;1.409966;0.406046;-0.121427;-0.897508;0.410014;-0.107807;6e526951-250e-4037-8505-3204f70e406b;0.202078;1.463495;0.405864;-0.858353;0.296259;-0.290088;-0.302175;0.198989;1.405721;0.380945;-0.695617;0.567494;-0.203315;-0.390808;0.193878;1.435887;0.389636;-0.827484;0.422528;-0.275705;-0.246428;0.209482;1.480819;0.420870;-0.858353;0.296259;-0.290088;-0.302175;613;0.218488;1.365071;0.362153;-0.748660;0.579628;0.036695;0.319677
NA;197925;56;0.069858;1.496050;0.089967;0.997531;0.038019;-0.048506;0.033663;0.222699;1.485027;0.441098;-0.929061;0.110732;0.108949;0.335729;0.224396;1.456138;0.388118;-0.906741;0.277185;0.075558;0.308676;0.209493;1.401977;0.375728;-0.753172;0.576650;0.041370;0.313840;0.225661;1.476519;0.419096;-0.927279;0.151586;0.119610;0.320733;0.220764;1.491707;0.461866;-0.929061;0.110732;0.108949;0.335729;0.214059;1.433028;0.428570;-0.200449;-0.928962;0.308680;-0.039588;0.243795;1.447402;0.393128;-0.931177;0.028904;0.187724;0.311180;0.223172;1.393778;0.379108;-0.753172;0.576650;0.041370;0.313840;0.229869;1.454568;0.432092;-0.653460;-0.659808;0.360545;0.087468;0.212421;1.422357;0.406634;-0.200449;-0.928962;0.308680;-0.039588;0.231100;1.405362;0.376928;-0.753172;0.576650;0.041370;0.313840;0.228606;1.404295;0.427274;-0.137578;-0.856835;0.482931;-0.116978;0.261685;1.415070;0.411826;-0.869875;-0.089280;0.346112;0.339931;0.241585;1.382308;0.389089;-0.680491;0.491819;0.059479;0.539915;0.241765;1.417473;0.434199;-0.561934;-0.673564;0.469659;0.099809;0.228910;1.396418;0.407293;-0.137578;-0.856835;0.482931;-0.116978;2023/05/01 13:57:26.7736;0.220308;1.416222;0.427129;-0.116127;-0.901429;0.402679;-0.108580;0.254739;1.432799;0.402124;-0.911182;-0.055574;0.246771;0.325212;0.237262;1.386711;0.383188;-0.753172;0.576650;0.041370;0.313840;0.236205;1.435059;0.435391;-0.577140;-0.693240;0.422276;0.089500;0.221723;1.407962;0.404800;-0.116127;-0.901429;0.402679;-0.108580;6e526951-250e-4037-8505-3204f70e406b;0.200233;1.461132;0.405139;-0.856973;0.295279;-0.286139;-0.310697;0.198185;1.403505;0.379771;-0.694400;0.566647;-0.196561;-0.397597;0.192536;1.433507;0.388694;-0.826945;0.421872;-0.270729;-0.254739;0.207333;1.478458;0.420289;-0.856973;0.295279;-0.286139;-0.310697;624;0.218404;1.363322;0.360728;-0.753172;0.576650;0.041370;0.313840
NA;197926;57;0.070126;1.496042;0.089886;0.997605;0.038424;-0.047267;0.032759;0.219430;1.483334;0.442987;-0.930478;0.109364;0.111697;0.331323;0.221776;1.454576;0.389950;-0.908594;0.274388;0.079770;0.304641;0.207325;1.400325;0.377424;-0.754633;0.575281;0.044877;0.312359;0.222601;1.474879;0.420993;-0.928680;0.149631;0.122776;0.316372;0.217329;1.489993;0.463746;-0.930478;0.109364;0.111697;0.331323;0.211408;1.431301;0.430325;-0.199129;-0.930087;0.305816;-0.041995;0.241217;1.445975;0.395031;-0.931922;0.026404;0.189743;0.307933;0.221050;1.392222;0.380850;-0.754633;0.575281;0.044877;0.312359;0.227049;1.452948;0.433942;-0.652567;-0.661718;0.359484;0.084007;0.209934;1.420644;0.408370;-0.199129;-0.930087;0.305816;-0.041995;0.228899;1.403867;0.378717;-0.754633;0.575281;0.044877;0.312359;0.226158;1.402599;0.428965;-0.135039;-0.858712;0.479767;-0.119173;0.259262;1.413747;0.413761;-0.870094;-0.093773;0.348163;0.336044;0.239500;1.380872;0.390891;-0.682679;0.489949;0.062359;0.538527;0.239160;1.415875;0.435999;-0.560163;-0.676630;0.468161;0.095993;0.226626;1.394765;0.408970;-0.135039;-0.858712;0.479767;-0.119173;2023/05/01 13:57:26.7843;0.217759;1.414491;0.428843;-0.114180;-0.902755;0.399723;-0.110533;0.252228;1.431440;0.404054;-0.911683;-0.059149;0.248725;0.321670;0.235170;1.385252;0.384977;-0.754633;0.575281;0.044877;0.312359;0.233476;1.433430;0.437215;-0.575794;-0.695617;0.420894;0.086173;0.219327;1.406277;0.406506;-0.114180;-0.902755;0.399723;-0.110533;6e526951-250e-4037-8505-3204f70e406b;0.197485;1.459359;0.406917;-0.856482;0.296462;-0.282898;-0.313875;0.195990;1.401764;0.381426;-0.693870;0.567400;-0.192605;-0.399382;0.190077;1.431701;0.390393;-0.826824;0.422741;-0.267146;-0.257458;0.204378;1.476720;0.422122;-0.856482;0.296462;-0.282898;-0.313875;635;0.216581;1.361759;0.362404;-0.754633;0.575281;0.044877;0.312359
NA;197927;58;0.070477;1.495874;0.089842;0.997661;0.038586;-0.046071;0.032583;0.216621;1.481620;0.444785;-0.931887;0.107962;0.113982;0.327016;0.219588;1.453047;0.391667;-0.910561;0.271163;0.083648;0.300586;0.205517;1.398727;0.379013;-0.756007;0.574030;0.047592;0.310932;0.219985;1.473235;0.422794;-0.930109;0.147474;0.125532;0.312075;0.214374;1.488249;0.465539;-0.931887;0.107962;0.113982;0.327016;0.209208;1.429605;0.431980;-0.198094;-0.931030;0.303382;-0.043611;0.239066;1.444559;0.396795;-0.932599;0.024024;0.191157;0.305189;0.219283;1.390704;0.382467;-0.756007;0.574030;0.047592;0.310932;0.224710;1.451340;0.435671;-0.651852;-0.663354;0.358363;0.081403;0.207853;1.418965;0.410010;-0.198094;-0.931030;0.303382;-0.043611;0.227063;1.402402;0.380374;-0.756007;0.574030;0.047592;0.310932;0.224135;1.400918;0.430526;-0.132801;-0.860433;0.476895;-0.120794;0.257255;1.412414;0.415528;-0.870331;-0.097986;0.349730;0.332583;0.237770;1.379454;0.392543;-0.684663;0.488350;0.064509;0.537205;0.237001;1.414279;0.437652;-0.558632;-0.679399;0.466609;0.092863;0.224738;1.393130;0.410517;-0.132801;-0.860433;0.476895;-0.120794;2023/05/01 13:57:26.7955;0.215642;1.412786;0.430449;-0.112725;-0.903900;0.397207;-0.111735;0.250140;1.430078;0.405828;-0.912142;-0.062526;0.250140;0.318618;0.233431;1.383816;0.386623;-0.756007;0.574030;0.047592;0.310932;0.231212;1.431807;0.438904;-0.574776;-0.697616;0.419478;0.083691;0.217315;1.404612;0.408105;-0.112725;-0.903900;0.397207;-0.111735;6e526951-250e-4037-8505-3204f70e406b;0.195187;1.457637;0.408615;-0.855879;0.297494;-0.280148;-0.316998;0.194164;1.400087;0.382988;-0.693497;0.567690;-0.189265;-0.401210;0.188025;1.429961;0.392015;-0.826696;0.423234;-0.264191;-0.260098;0.201894;1.475032;0.423866;-0.855879;0.297494;-0.280148;-0.316998;646;0.215059;1.360245;0.363953;-0.756007;0.574030;0.047592;0.310932
NA;197928;59;0.070798;1.495738;0.089753;0.997701;0.039069;-0.044937;0.032373;0.214236;1.479906;0.446501;-0.933218;0.106514;0.115773;0.323041;0.217756;1.451547;0.393289;-0.912475;0.267870;0.086964;0.296771;0.204007;1.397174;0.380512;-0.757312;0.572878;0.049660;0.309553;0.217767;1.471600;0.424506;-0.931478;0.145262;0.127777;0.308093;0.211864;1.486495;0.467254;-0.933218;0.106514;0.115773;0.323041;0.207384;1.427942;0.433549;-0.197199;-0.931856;0.301271;-0.044634;0.237269;1.443154;0.398443;-0.933227;0.021813;0.192064;0.302858;0.217809;1.389219;0.383979;-0.757312;0.572878;0.049660;0.309553;0.222770;1.449749;0.437299;-0.651244;-0.664814;0.357199;0.079457;0.206116;1.417322;0.411564;-0.197199;-0.931856;0.301271;-0.044634;0.225527;1.400964;0.381920;-0.757312;0.572878;0.049660;0.309553;0.222468;1.399267;0.431989;-0.130854;-0.861983;0.474347;-0.121891;0.255590;1.411073;0.417157;-0.870596;-0.101761;0.350808;0.329607;0.236332;1.378051;0.394071;-0.686481;0.486977;0.066065;0.535941;0.235217;1.412698;0.439190;-0.557332;-0.681858;0.465059;0.090395;0.223176;1.391525;0.411965;-0.130854;-0.861983;0.474347;-0.121891;2023/05/01 13:57:26.8067;0.213887;1.411113;0.431966;-0.111563;-0.904911;0.395046;-0.112378;0.248401;1.428717;0.407474;-0.912577;-0.065596;0.251063;0.316018;0.231982;1.382401;0.388149;-0.757312;0.572878;0.049660;0.309553;0.229339;1.430203;0.440485;-0.573971;-0.699344;0.418058;0.081873;0.215632;1.402978;0.409614;-0.111563;-0.904911;0.395046;-0.112378;6e526951-250e-4037-8505-3204f70e406b;0.193264;1.455964;0.410240;-0.855256;0.298270;-0.277868;-0.319939;0.192639;1.398466;0.384470;-0.693240;0.567651;-0.186463;-0.403017;0.186309;1.428278;0.393566;-0.826574;0.423424;-0.261784;-0.262596;0.199811;1.473384;0.425530;-0.855256;0.298270;-0.277868;-0.319939;657;0.213786;1.358773;0.365397;-0.757312;0.572878;0.049660;0.309553
NA;197929;60;0.071118;1.495627;0.089622;0.997736;0.039655;-0.043873;0.032034;0.204226;1.478091;0.442162;-0.935451;0.105034;0.129376;0.311706;0.209899;1.449603;0.389187;-0.914826;0.264187;0.103380;0.287422;0.197852;1.394871;0.376215;-0.759668;0.569236;0.067029;0.307218;0.208515;1.469742;0.420318;-0.933348;0.142863;0.142129;0.297071;0.201198;1.484779;0.462796;-0.935451;0.105034;0.129376;0.311706;0.199042;1.425630;0.429081;-0.191311;-0.935501;0.290721;-0.060996;0.229478;1.441719;0.394866;-0.934571;0.014457;0.205718;0.289910;0.211755;1.387275;0.380064;-0.759668;0.569236;0.067029;0.307218;0.213683;1.447863;0.433287;-0.646761;-0.671211;0.357073;0.060621;0.198730;1.415022;0.407056;-0.191311;-0.935501;0.290721;-0.060996;0.219232;1.399205;0.378178;-0.759668;0.569236;0.067029;0.307218;0.214895;1.397314;0.427934;-0.121776;-0.866988;0.463544;-0.136490;0.248115;1.410158;0.414141;-0.869769;-0.113142;0.362600;0.314997;0.230295;1.376603;0.390672;-0.691616;0.480140;0.081751;0.533339;0.227017;1.411108;0.435522;-0.551254;-0.690184;0.463229;0.072004;0.216425;1.389615;0.407940;-0.121776;-0.866988;0.463544;-0.136490;2023/05/01 13:57:26.8173;0.205988;1.408955;0.427679;-0.104385;-0.908523;0.384316;-0.126459;0.240735;1.427590;0.404223;-0.913002;-0.074890;0.263397;0.302391;0.225991;1.380826;0.384627;-0.759668;0.569236;0.067029;0.307218;0.220659;1.428450;0.436650;-0.568626;-0.706411;0.416572;0.064151;0.208576;1.400885;0.405385;-0.104385;-0.908523;0.384316;-0.126459;6e526951-250e-4037-8505-3204f70e406b;0.184796;1.453493;0.405380;-0.853866;0.308530;-0.262916;-0.326491;0.186353;1.395887;0.379861;-0.689506;0.576557;-0.170672;-0.403776;0.179030;1.425558;0.388669;-0.825499;0.432404;-0.245505;-0.267032;0.190452;1.471156;0.420747;-0.853866;0.308530;-0.262916;-0.326491;668;0.208987;1.356690;0.361490;-0.759668;0.569236;0.067029;0.307218
NA;197930;61;0.071363;1.495518;0.089495;0.997771;0.040413;-0.042688;0.031593;0.189715;1.474676;0.436236;-0.939189;0.096062;0.152817;0.292136;0.199087;1.446476;0.383629;-0.918622;0.255502;0.130301;0.271797;0.190115;1.391273;0.370163;-0.764805;0.560455;0.096811;0.302640;0.195358;1.466520;0.414628;-0.936454;0.133681;0.166448;0.278349;0.185469;1.481240;0.456695;-0.939189;0.096062;0.152817;0.292136;0.187481;1.421749;0.422882;-0.181305;-0.940801;0.272799;-0.087190;0.218728;1.439476;0.390184;-0.936128;0.000434;0.227802;0.267899;0.204159;1.384308;0.374638;-0.764805;0.560455;0.096811;0.302640;0.200828;1.444636;0.427819;-0.638373;-0.681796;0.356010;0.029856;0.188718;1.411237;0.400843;-0.181305;-0.940801;0.272799;-0.087190;0.211170;1.396564;0.373085;-0.764805;0.560455;0.096811;0.302640;0.204688;1.394225;0.422382;-0.105085;-0.874636;0.445633;-0.159313;0.237892;1.408764;0.410297;-0.867632;-0.132162;0.380295;0.291758;0.222673;1.374469;0.386078;-0.701555;0.466022;0.107958;0.528193;0.215743;1.408541;0.430607;-0.539629;-0.704119;0.459541;0.042893;0.207555;1.386726;0.402459;-0.105085;-0.874636;0.445633;-0.159313;2023/05/01 13:57:26.8285;0.195252;1.405428;0.421731;-0.090296;-0.914296;0.365406;-0.149626;0.230183;1.425858;0.400046;-0.913099;-0.091012;0.282850;0.279219;0.218457;1.378502;0.379844;-0.764805;0.560455;0.096811;0.302640;0.208539;1.425543;0.431458;-0.558309;-0.718664;0.413046;0.034722;0.199273;1.397608;0.399561;-0.090296;-0.914296;0.365406;-0.149626;6e526951-250e-4037-8505-3204f70e406b;0.173167;1.449258;0.398565;-0.851983;0.322270;-0.236730;-0.337975;0.178428;1.391765;0.373283;-0.683771;0.589671;-0.142435;-0.405534;0.169412;1.421087;0.381679;-0.824440;0.444348;-0.217175;-0.275116;0.177331;1.467162;0.414129;-0.851983;0.322270;-0.236730;-0.337975;679;0.203612;1.353652;0.355987;-0.764805;0.560455;0.096811;0.302640
NA;197931;62;0.071613;1.495386;0.089344;0.997803;0.041023;-0.041675;0.031129;0.176461;1.471049;0.430441;-0.941808;0.087611;0.174150;0.273853;0.189193;1.443277;0.378312;-0.921306;0.247215;0.154825;0.257119;0.183079;1.387768;0.364502;-0.768932;0.551839;0.123963;0.298078;0.183325;1.463132;0.409100;-0.938494;0.125013;0.188568;0.260851;0.171110;1.477443;0.450695;-0.941808;0.087611;0.174150;0.273853;0.176978;1.417797;0.416932;-0.171790;-0.944816;0.255909;-0.111008;0.208825;1.437091;0.385665;-0.936674;-0.012768;0.247690;0.247243;0.197204;1.381386;0.369550;-0.768932;0.551839;0.123963;0.298078;0.189074;1.441230;0.422492;-0.629953;-0.691013;0.354482;0.001624;0.179628;1.407446;0.394941;-0.171790;-0.944816;0.255909;-0.111008;0.203761;1.393925;0.368287;-0.768932;0.551839;0.123963;0.298078;0.195379;1.391072;0.417069;-0.089428;-0.880876;0.428600;-0.179894;0.228412;1.407175;0.406555;-0.864810;-0.149758;0.395904;0.270069;0.215633;1.372309;0.381747;-0.710148;0.452624;0.131796;0.522925;0.205402;1.405817;0.425838;-0.528265;-0.716398;0.455464;0.016243;0.199458;1.383827;0.397263;-0.089428;-0.880876;0.428600;-0.179894;2023/05/01 13:57:26.8397;0.185488;1.401845;0.416036;-0.077068;-0.918794;0.347545;-0.170559;0.220424;1.423947;0.395991;-0.912310;-0.106007;0.300207;0.257545;0.211511;1.376171;0.375345;-0.768932;0.551839;0.123963;0.298078;0.197445;1.422467;0.426405;-0.548172;-0.729394;0.409184;0.007769;0.190802;1.394325;0.394035;-0.077068;-0.918794;0.347545;-0.170559;6e526951-250e-4037-8505-3204f70e406b;0.162632;1.445013;0.392062;-0.849530;0.334490;-0.212516;-0.348213;0.171262;1.387770;0.367133;-0.677965;0.601098;-0.116426;-0.406804;0.160728;1.416706;0.375093;-0.822788;0.454797;-0.191033;-0.282288;0.165415;1.463075;0.407751;-0.849530;0.334490;-0.212516;-0.348213;690;0.198698;1.350758;0.350910;-0.768932;0.551839;0.123963;0.298078
NA;197932;63;0.071924;1.495305;0.089221;0.997830;0.041590;-0.040781;0.030689;0.161779;1.466957;0.425759;-0.943246;0.078410;0.195774;0.256538;0.177874;1.439837;0.374223;-0.922948;0.238022;0.179496;0.243504;0.174336;1.384104;0.360426;-0.770641;0.544763;0.149796;0.294800;0.169882;1.459382;0.404731;-0.939479;0.114687;0.211194;0.244180;0.155324;1.473118;0.445761;-0.943246;0.078410;0.195774;0.256538;0.165067;1.413851;0.412270;-0.162902;-0.947349;0.240465;-0.134795;0.197408;1.434390;0.382378;-0.935906;-0.022604;0.267195;0.228423;0.188473;1.378254;0.366057;-0.770641;0.544763;0.149796;0.294800;0.175972;1.437739;0.418332;-0.621986;-0.697934;0.354069;-0.025650;0.169091;1.403681;0.390403;-0.162902;-0.947349;0.240465;-0.134795;0.194611;1.391021;0.364993;-0.770641;0.544763;0.149796;0.294800;0.184390;1.387850;0.413355;-0.078503;-0.885031;0.412528;-0.200944;0.217216;1.405263;0.404156;-0.861593;-0.162340;0.411652;0.248688;0.206711;1.369888;0.379005;-0.715977;0.440855;0.155038;0.518639;0.193472;1.403009;0.422439;-0.520881;-0.723940;0.452217;-0.009681;0.189583;1.380713;0.393772;-0.078503;-0.885031;0.412528;-0.200944;2023/05/01 13:57:26.8505;0.174168;1.398281;0.411843;-0.067001;-0.921489;0.331242;-0.191438;0.209054;1.421705;0.393213;-0.910670;-0.116581;0.317311;0.237494;0.202710;1.373580;0.372427;-0.770641;0.544763;0.149796;0.294800;0.184894;1.419354;0.422642;-0.540344;-0.736521;0.406495;-0.018101;0.180685;1.390963;0.390099;-0.067001;-0.921489;0.331242;-0.191438;6e526951-250e-4037-8505-3204f70e406b;0.150920;1.440694;0.386866;-0.846994;0.346219;-0.191191;-0.355219;0.162434;1.383682;0.362599;-0.671636;0.612538;-0.093912;-0.406058;0.150624;1.412278;0.369976;-0.820535;0.465115;-0.167953;-0.286675;0.152499;1.458888;0.402570;-0.846994;0.346219;-0.191191;-0.355219;701;0.191813;1.347652;0.347608;-0.770641;0.544763;0.149796;0.294800
NA;197933;64;0.072164;1.495257;0.089084;0.997869;0.041954;-0.039835;0.030174;0.150176;1.464219;0.422892;-0.945571;0.072928;0.206758;0.240477;0.168227;1.437605;0.371749;-0.924942;0.233610;0.192886;0.229574;0.166715;1.381739;0.358138;-0.772867;0.541036;0.165887;0.287122;0.158968;1.456925;0.402041;-0.941428;0.108850;0.222826;0.228503;0.143106;1.470165;0.442750;-0.945571;0.072928;0.206758;0.240477;0.155570;1.411348;0.409657;-0.159717;-0.949622;0.226388;-0.146480;0.187774;1.432809;0.380274;-0.937024;-0.027223;0.275640;0.212765;0.180933;1.376364;0.364036;-0.772867;0.541036;0.165887;0.287122;0.165595;1.435592;0.415824;-0.619498;-0.702146;0.348431;-0.042526;0.160326;1.401263;0.387898;-0.159717;-0.949622;0.226388;-0.146480;0.186669;1.389315;0.363011;-0.772867;0.541036;0.165887;0.287122;0.175682;1.385869;0.411144;-0.073131;-0.889728;0.397926;-0.211403;0.208102;1.404400;0.402516;-0.861787;-0.170880;0.417811;0.231423;0.199180;1.368625;0.377319;-0.721911;0.434952;0.169391;0.510850;0.184083;1.401361;0.420321;-0.518043;-0.730102;0.444863;-0.026083;0.181479;1.378833;0.391694;-0.073131;-0.889728;0.397926;-0.211403;2023/05/01 13:57:26.8627;0.165163;1.396003;0.409409;-0.061944;-0.924887;0.316354;-0.201662;0.199619;1.420537;0.391364;-0.911549;-0.123013;0.324316;0.220829;0.195183;1.372167;0.370657;-0.772867;0.541036;0.165887;0.287122;0.174991;1.417446;0.420333;-0.537302;-0.742046;0.399362;-0.034416;0.172329;1.388852;0.387813;-0.061944;-0.924887;0.316354;-0.201662;6e526951-250e-4037-8505-3204f70e406b;0.141141;1.437662;0.383982;-0.842165;0.353766;-0.179628;-0.365161;0.154800;1.380943;0.360127;-0.665001;0.618255;-0.079859;-0.411287;0.142003;1.409186;0.367212;-0.816360;0.471645;-0.154629;-0.295293;0.141897;1.455957;0.399630;-0.842165;0.353766;-0.179628;-0.365161;713;0.185564;1.345822;0.345748;-0.772867;0.541036;0.165887;0.287122
NA;197934;65;0.072439;1.495112;0.088951;0.997893;0.042329;-0.038944;0.030013;0.139266;1.461365;0.420076;-0.947457;0.067449;0.217088;0.225052;0.159147;1.435307;0.369338;-0.926514;0.229317;0.205483;0.216244;0.159560;1.379378;0.355928;-0.774805;0.537242;0.181081;0.279746;0.148700;1.454370;0.399405;-0.942956;0.103105;0.233744;0.213465;0.131620;1.467076;0.439790;-0.947457;0.067449;0.217088;0.225052;0.146643;1.408809;0.407129;-0.156814;-0.951443;0.213083;-0.157357;0.178682;1.431129;0.378210;-0.937798;-0.031476;0.283465;0.197970;0.173837;1.374455;0.362078;-0.774805;0.537242;0.181081;0.279746;0.155832;1.433363;0.413371;-0.617072;-0.705811;0.343001;-0.058345;0.152077;1.398819;0.385485;-0.156814;-0.951443;0.213083;-0.157357;0.179185;1.387571;0.361082;-0.774805;0.537242;0.181081;0.279746;0.167487;1.383828;0.408985;-0.067990;-0.893885;0.383955;-0.221190;0.199474;1.403413;0.400893;-0.861643;-0.179039;0.423446;0.214963;0.192068;1.367311;0.375672;-0.727377;0.429134;0.182907;0.503301;0.175231;1.399612;0.418242;-0.515120;-0.735744;0.437724;-0.041599;0.173849;1.376909;0.389671;-0.067990;-0.893885;0.383955;-0.221190;2023/05/01 13:57:26.8739;0.156698;1.393674;0.407041;-0.057091;-0.927816;0.302121;-0.211235;0.190701;1.419254;0.389543;-0.912083;-0.129128;0.330795;0.204951;0.188081;1.370710;0.368931;-0.774805;0.537242;0.181081;0.279746;0.165662;1.415441;0.418070;-0.534221;-0.747072;0.392439;-0.049835;0.164469;1.386705;0.385596;-0.057091;-0.927816;0.302121;-0.211235;6e526951-250e-4037-8505-3204f70e406b;0.131966;1.434595;0.381203;-0.837296;0.360749;-0.168617;-0.374653;0.147648;1.378225;0.357748;-0.658597;0.623317;-0.066509;-0.416297;0.133928;1.406100;0.364558;-0.812163;0.477595;-0.141966;-0.303546;0.131938;1.452959;0.396787;-0.837296;0.360749;-0.168617;-0.374653;724;0.179688;1.344013;0.343953;-0.774805;0.537242;0.181081;0.279746
NA;197935;66;0.072619;1.494947;0.088807;0.997927;0.042590;-0.038049;0.029655;0.123813;1.456463;0.411988;-0.947608;0.061093;0.240795;0.200811;0.147173;1.430928;0.362495;-0.925536;0.225183;0.232368;0.196674;0.150707;1.374907;0.349953;-0.773318;0.532534;0.211366;0.271497;0.134500;1.449785;0.391828;-0.942238;0.096957;0.258113;0.190169;0.115009;1.461925;0.431285;-0.947608;0.061093;0.240795;0.200811;0.134365;1.404291;0.400066;-0.153912;-0.951835;0.192087;-0.182820;0.166493;1.427781;0.372221;-0.936260;-0.036274;0.303743;0.172745;0.164925;1.370733;0.356758;-0.773318;0.532534;0.211366;0.271497;0.142082;1.429336;0.406355;-0.612487;-0.708586;0.338486;-0.090517;0.141210;1.394349;0.378805;-0.153912;-0.951835;0.192087;-0.182820;0.169705;1.384070;0.355790;-0.773318;0.532534;0.211366;0.271497;0.156255;1.380292;0.403156;-0.059854;-0.897667;0.361222;-0.245216;0.187575;1.401365;0.396153;-0.858471;-0.188338;0.439111;0.186384;0.182887;1.364626;0.371202;-0.731810;0.419491;0.211307;0.493792;0.162808;1.396567;0.412484;-0.509797;-0.741430;0.430126;-0.073352;0.163813;1.373467;0.384244;-0.059854;-0.897667;0.361222;-0.245216;2023/05/01 13:57:26.8856;0.145100;1.389633;0.400601;-0.050651;-0.929780;0.279333;-0.234342;0.178563;1.416629;0.384215;-0.910269;-0.135754;0.348234;0.178088;0.179031;1.367746;0.364252;-0.773318;0.532534;0.211366;0.271497;0.152534;1.411932;0.411704;-0.529035;-0.751713;0.385342;-0.081003;0.154128;1.382832;0.379599;-0.050651;-0.929780;0.279333;-0.234342;6e526951-250e-4037-8505-3204f70e406b;0.119606;1.429135;0.373181;-0.828951;0.379053;-0.145195;-0.384809;0.138793;1.373227;0.351292;-0.645504;0.638251;-0.041478;-0.417421;0.123549;1.400536;0.357076;-0.804388;0.492852;-0.116229;-0.310722;0.118061;1.447705;0.388441;-0.828951;0.379053;-0.145195;-0.384809;736;0.172918;1.340359;0.339360;-0.773318;0.532534;0.211366;0.271497
NA;197936;67;0.072783;1.494810;0.088626;0.997961;0.043016;-0.037086;0.029119;0.111574;1.452211;0.406932;-0.947145;0.055681;0.258630;0.181456;0.137547;1.427240;0.358478;-0.924213;0.221755;0.252720;0.181073;0.143566;1.371269;0.346661;-0.771977;0.528161;0.235040;0.264300;0.123195;1.445843;0.387192;-0.941109;0.091872;0.276442;0.171622;0.101903;1.457411;0.425882;-0.947145;0.055681;0.258630;0.181456;0.124562;1.400471;0.395887;-0.151330;-0.951605;0.174887;-0.202389;0.156649;1.424919;0.368845;-0.934537;-0.040085;0.319074;0.152399;0.157700;1.367700;0.353963;-0.771977;0.528161;0.235040;0.264300;0.131092;1.425856;0.402153;-0.608573;-0.710357;0.334135;-0.115694;0.132496;1.390633;0.374958;-0.151330;-0.951605;0.174887;-0.202389;0.162015;1.381198;0.353014;-0.771977;0.528161;0.235040;0.264300;0.147225;1.377328;0.399954;-0.053219;-0.900128;0.342780;-0.263514;0.177923;1.399554;0.393727;-0.855614;-0.195278;0.450500;0.163833;0.175411;1.362418;0.369051;-0.735244;0.411392;0.233375;0.485500;0.152832;1.393948;0.409289;-0.505489;-0.745381;0.423452;-0.097864;0.155698;1.370638;0.381384;-0.053219;-0.900128;0.342780;-0.263514;2023/05/01 13:57:26.8958;0.135811;1.386237;0.396925;-0.045504;-0.930833;0.260771;-0.251948;0.168736;1.414348;0.381339;-0.908413;-0.140732;0.361188;0.156600;0.171667;1.365322;0.361948;-0.771977;0.528161;0.235040;0.264300;0.142021;1.408910;0.408023;-0.524844;-0.754878;0.378971;-0.105258;0.145794;1.379625;0.376298;-0.045504;-0.930833;0.260771;-0.251948;6e526951-250e-4037-8505-3204f70e406b;0.109782;1.424578;0.368148;-0.821595;0.393727;-0.126260;-0.392454;0.131685;1.369157;0.347621;-0.634637;0.649782;-0.021540;-0.417798;0.115285;1.395961;0.352539;-0.797639;0.504751;-0.095611;-0.316000;0.107023;1.443267;0.383090;-0.821595;0.393727;-0.126260;-0.392454;746;0.167380;1.337477;0.337183;-0.771977;0.528161;0.235040;0.264300
NA;197937;68;0.073005;1.494729;0.088441;0.997975;0.043525;-0.036316;0.028873;0.100030;1.447825;0.401936;-0.946141;0.050316;0.275263;0.162838;0.128419;1.423500;0.354534;-0.922416;0.218357;0.271789;0.166134;0.136791;1.367676;0.343462;-0.770343;0.523581;0.257456;0.257200;0.112507;1.441796;0.382617;-0.939480;0.086891;0.293540;0.153827;0.089560;1.452733;0.420536;-0.946141;0.050316;0.275263;0.162838;0.115283;1.396596;0.391788;-0.148739;-0.950824;0.158274;-0.220817;0.147266;1.421966;0.365495;-0.932350;-0.043709;0.333407;0.132859;0.150810;1.364685;0.351229;-0.770343;0.523581;0.257456;0.257200;0.120671;1.422264;0.397992;-0.604497;-0.711624;0.329682;-0.139584;0.124238;1.386903;0.371206;-0.148739;-0.950824;0.158274;-0.220817;0.154672;1.378322;0.350287;-0.770343;0.523581;0.257456;0.257200;0.138628;1.374311;0.396794;-0.046724;-0.901924;0.324911;-0.280684;0.168666;1.397617;0.391268;-0.852399;-0.201727;0.460948;0.142299;0.168237;1.360187;0.366915;-0.738194;0.403343;0.254226;0.477235;0.143325;1.391225;0.406104;-0.501065;-0.748709;0.416787;-0.121070;0.147954;1.367794;0.378575;-0.046724;-0.901924;0.324911;-0.280684;2023/05/01 13:57:26.9064;0.126994;1.382793;0.393314;-0.040504;-0.931301;0.242820;-0.268469;0.159337;1.411955;0.378457;-0.906139;-0.145369;0.373204;0.136012;0.164609;1.362888;0.359673;-0.770343;0.523581;0.257456;0.257200;0.132027;1.405778;0.404366;-0.520564;-0.757461;0.372583;-0.128250;0.137866;1.376404;0.373070;-0.040504;-0.931301;0.242820;-0.268469;6e526951-250e-4037-8505-3204f70e406b;0.100532;1.419996;0.363212;-0.814063;0.407586;-0.107900;-0.399416;0.124967;1.365147;0.344063;-0.623941;0.660426;-0.002378;-0.417768;0.107511;1.391422;0.348123;-0.790784;0.515799;-0.075733;-0.320745;0.096616;1.438752;0.377807;-0.814063;0.407586;-0.107900;-0.399416;757;0.162078;1.334677;0.335080;-0.770343;0.523581;0.257456;0.257200
NA;197938;69;0.073198;1.494547;0.088230;0.997996;0.043875;-0.035505;0.028622;0.088994;1.443284;0.396949;-0.944651;0.044947;0.291004;0.144674;0.119648;1.419682;0.350618;-0.920190;0.214939;0.289935;0.151621;0.130277;1.364092;0.340318;-0.768426;0.518779;0.278978;0.250122;0.102268;1.437621;0.378055;-0.937399;0.081949;0.309732;0.136507;0.077779;1.447869;0.415194;-0.944651;0.044947;0.291004;0.144674;0.106385;1.392639;0.387723;-0.146108;-0.949545;0.142020;-0.238427;0.138208;1.418906;0.362137;-0.929728;-0.047212;0.347009;0.113845;0.144152;1.361659;0.348523;-0.768426;0.518779;0.278978;0.250122;0.110660;1.418538;0.393830;-0.600225;-0.712464;0.325105;-0.162579;0.116308;1.383128;0.367503;-0.146108;-0.949545;0.142020;-0.238427;0.147570;1.375416;0.347580;-0.768426;0.518779;0.278978;0.250122;0.130335;1.371220;0.393641;-0.040266;-0.903148;0.307361;-0.297037;0.159675;1.395551;0.388759;-0.848827;-0.207835;0.470690;0.121441;0.161264;1.357916;0.364772;-0.740737;0.395267;0.274205;0.468919;0.134144;1.388383;0.402899;-0.496482;-0.751530;0.410066;-0.143366;0.140469;1.364911;0.375784;-0.040266;-0.903148;0.307361;-0.297037;2023/05/01 13:57:26.9175;0.118515;1.379274;0.389727;-0.035575;-0.931254;0.225237;-0.284198;0.150233;1.409439;0.375541;-0.903465;-0.149772;0.384525;0.116018;0.157758;1.360423;0.357401;-0.768426;0.518779;0.278978;0.250122;0.122402;1.402519;0.400697;-0.516145;-0.759565;0.366125;-0.150358;0.130224;1.373140;0.369875;-0.035575;-0.931254;0.225237;-0.284198;6e526951-250e-4037-8505-3204f70e406b;0.091711;1.415352;0.358322;-0.806300;0.420822;-0.089877;-0.405846;0.118535;1.361155;0.340575;-0.613300;0.670359;0.016284;-0.417394;0.100101;1.386875;0.343778;-0.783770;0.526172;-0.056324;-0.325078;0.086676;1.434129;0.372541;-0.806300;0.420822;-0.089877;-0.405846;768;0.156933;1.331926;0.333024;-0.768426;0.518779;0.278978;0.250122
NA;197939;70;0.073359;1.494403;0.088042;0.998012;0.044318;-0.034605;0.028458;0.077098;1.435650;0.392230;-0.941370;0.025060;0.307315;0.136937;0.110032;1.414061;0.346501;-0.919105;0.196837;0.307599;0.147936;0.122351;1.358981;0.335384;-0.771816;0.502043;0.296350;0.253831;0.091214;1.430862;0.373708;-0.934161;0.062363;0.326455;0.129929;0.065088;1.439417;0.410154;-0.941370;0.025060;0.307315;0.136937;0.096102;1.385839;0.382413;-0.127930;-0.948441;0.135648;-0.256308;0.128170;1.413446;0.358684;-0.923793;-0.064442;0.362239;0.106002;0.135971;1.356680;0.344042;-0.771816;0.502043;0.296350;0.253831;0.099491;1.411671;0.389308;-0.583039;-0.720681;0.329452;-0.179296;0.107020;1.377121;0.362349;-0.127930;-0.948441;0.135648;-0.256308;0.139092;1.370529;0.343525;-0.771816;0.502043;0.296350;0.253831;0.120295;1.364840;0.388791;-0.019535;-0.901507;0.299976;-0.311317;0.149193;1.389982;0.385563;-0.838792;-0.225537;0.482616;0.112447;0.152556;1.352956;0.360823;-0.745382;0.374887;0.287149;0.470544;0.123338;1.381873;0.398558;-0.478556;-0.759083;0.411801;-0.158737;0.131272;1.359232;0.371200;-0.019535;-0.901507;0.299976;-0.311317;2023/05/01 13:57:26.9287;0.108470;1.372728;0.384596;-0.015917;-0.928816;0.217192;-0.299791;0.139916;1.403951;0.372314;-0.895677;-0.166797;0.398220;0.106595;0.149266;1.355552;0.353384;-0.771816;0.502043;0.296350;0.253831;0.111347;1.395791;0.396240;-0.498176;-0.767129;0.368077;-0.166892;0.121091;1.367402;0.365072;-0.015917;-0.928816;0.217192;-0.299791;6e526951-250e-4037-8505-3204f70e406b;0.081999;1.408964;0.353045;-0.807361;0.421163;-0.065517;-0.408042;0.110681;1.355770;0.335147;-0.615643;0.670828;0.039567;-0.411593;0.091568;1.381005;0.338227;-0.786597;0.524246;-0.032358;-0.324629;0.075990;1.427319;0.367436;-0.807361;0.421163;-0.065517;-0.408042;779;0.150014;1.327612;0.328367;-0.771816;0.502043;0.296350;0.253831
NA;197940;71;0.073519;1.494219;0.087812;0.998013;0.044919;-0.033848;0.028415;0.065645;1.428184;0.387370;-0.937644;0.006202;0.322811;0.128759;0.100712;1.408555;0.342365;-0.917483;0.179644;0.324491;0.143731;0.114718;1.354018;0.330594;-0.774476;0.485955;0.313237;0.256741;0.080536;1.424247;0.369259;-0.930473;0.043776;0.342352;0.122882;0.052902;1.431158;0.404933;-0.937644;0.006202;0.322811;0.128759;0.086238;1.379242;0.377114;-0.110697;-0.946776;0.128811;-0.273442;0.118417;1.408101;0.355174;-0.917638;-0.080627;0.376659;0.097817;0.128077;1.351851;0.339684;-0.774476;0.485955;0.313237;0.256741;0.088726;1.404981;0.384706;-0.566436;-0.728002;0.332974;-0.195682;0.098095;1.371299;0.357262;-0.110697;-0.946776;0.128811;-0.273442;0.130883;1.365775;0.339551;-0.774476;0.485955;0.313237;0.256741;0.110651;1.358670;0.383976;0.000121;-0.899467;0.292099;-0.325020;0.139028;1.384565;0.382308;-0.828826;-0.242142;0.493737;0.103146;0.144141;1.348155;0.356961;-0.749430;0.355360;0.299846;0.471345;0.112931;1.375563;0.394185;-0.461403;-0.765811;0.412832;-0.173813;0.122418;1.353743;0.366694;0.000121;-0.899467;0.292099;-0.325020;2023/05/01 13:57:26.9404;0.098832;1.366391;0.379500;0.002652;-0.925953;0.208669;-0.314740;0.129897;1.398593;0.369021;-0.887809;-0.182698;0.411138;0.096860;0.141054;1.350831;0.349463;-0.774476;0.485955;0.313237;0.256741;0.100698;1.389256;0.391726;-0.480941;-0.773816;0.369277;-0.183139;0.112304;1.361848;0.360350;0.002652;-0.925953;0.208669;-0.314740;6e526951-250e-4037-8505-3204f70e406b;0.072651;1.402730;0.347785;-0.807505;0.421788;-0.042110;-0.410191;0.103143;1.350545;0.329884;-0.617033;0.671210;0.061955;-0.406091;0.083373;1.375290;0.332788;-0.788446;0.522573;-0.009276;-0.324322;0.065694;1.420668;0.362275;-0.807505;0.421788;-0.042110;-0.410191;791;0.143348;1.323449;0.323929;-0.774476;0.485955;0.313237;0.256741
NA;197941;72;0.073507;1.494073;0.087630;0.998033;0.045375;-0.032864;0.028145;0.056048;1.420944;0.388388;-0.939007;-0.012066;0.323046;0.117316;0.091900;1.403656;0.343034;-0.921405;0.161778;0.327324;0.133046;0.107929;1.350028;0.329762;-0.785246;0.468287;0.320064;0.248304;0.071117;1.417949;0.370244;-0.932191;0.026258;0.343127;0.112229;0.043148;1.423015;0.405966;-0.939007;-0.012066;0.323046;0.117316;0.078236;1.372883;0.376967;-0.094913;-0.949583;0.117874;-0.274573;0.109556;1.403470;0.355917;-0.917235;-0.100458;0.375457;0.087288;0.121320;1.348082;0.338855;-0.785246;0.468287;0.320064;0.248304;0.079896;1.398484;0.385224;-0.553484;-0.740105;0.324680;-0.201203;0.090366;1.365786;0.356961;-0.094913;-0.949583;0.117874;-0.274573;0.123618;1.362097;0.339141;-0.785246;0.468287;0.320064;0.248304;0.103446;1.353041;0.383263;0.020429;-0.903719;0.280715;-0.322606;0.130897;1.379916;0.382466;-0.826088;-0.262576;0.489375;0.095633;0.137435;1.344469;0.356102;-0.762237;0.337830;0.301130;0.462803;0.105089;1.369692;0.393980;-0.445933;-0.779433;0.402704;-0.177364;0.115456;1.349073;0.365902;0.020429;-0.903719;0.280715;-0.322606;2023/05/01 13:57:26.9505;0.091357;1.360412;0.378945;0.022788;-0.928716;0.196709;-0.313484;0.121316;1.393985;0.369543;-0.885783;-0.203132;0.408134;0.086903;0.134284;1.347249;0.348669;-0.785246;0.468287;0.320064;0.248304;0.092387;1.382963;0.391834;-0.465758;-0.786657;0.359275;-0.187518;0.105057;1.356938;0.359734;0.022788;-0.928716;0.196709;-0.313484;6e526951-250e-4037-8505-3204f70e406b;0.064095;1.396700;0.348112;-0.806675;0.411022;-0.027126;-0.423794;0.096491;1.346160;0.328891;-0.619154;0.662135;0.081177;-0.414289;0.075844;1.370100;0.332389;-0.790099;0.512003;0.006543;-0.336977;0.056477;1.413943;0.363104;-0.806675;0.411022;-0.027126;-0.423794;802;0.137679;1.320723;0.322365;-0.785246;0.468287;0.320064;0.248304
NA;197942;73;0.073645;1.493866;0.087435;0.998029;0.045943;-0.032145;0.028184;0.046194;1.411490;0.390062;-0.936175;-0.033780;0.331603;0.111688;0.083478;1.396669;0.344985;-0.921811;0.139845;0.337504;0.129609;0.101261;1.344022;0.330106;-0.793239;0.446161;0.330944;0.249378;0.061736;1.409481;0.372184;-0.929746;0.004706;0.352110;0.107560;0.032851;1.412635;0.407393;-0.936175;-0.033780;0.331603;0.111688;0.069787;1.364341;0.377503;-0.074456;-0.949142;0.112527;-0.284471;0.100826;1.396458;0.358280;-0.911818;-0.122756;0.383313;0.081179;0.114478;1.342082;0.339448;-0.793239;0.446161;0.330944;0.249378;0.070634;1.389671;0.386668;-0.534387;-0.751030;0.325552;-0.210715;0.082526;1.358202;0.357559;-0.074456;-0.949142;0.112527;-0.284471;0.116392;1.356131;0.340326;-0.793239;0.446161;0.330944;0.249378;0.095371;1.344988;0.383662;0.044264;-0.902822;0.275332;-0.327331;0.122167;1.372484;0.384449;-0.816908;-0.284012;0.493506;0.091928;0.130279;1.338242;0.356953;-0.770874;0.313861;0.305980;0.462192;0.096367;1.361265;0.395014;-0.424796;-0.790261;0.401439;-0.184075;0.107859;1.341959;0.366450;0.044264;-0.902822;0.275332;-0.327331;2023/05/01 13:57:26.9627;0.083238;1.352146;0.379278;0.046856;-0.926820;0.189980;-0.320495;0.112515;1.386776;0.371827;-0.878125;-0.225491;0.414165;0.080729;0.127230;1.341217;0.349553;-0.793239;0.446161;0.330944;0.249378;0.083378;1.374219;0.393009;-0.444359;-0.797469;0.357963;-0.196089;0.097475;1.349766;0.360291;0.046856;-0.926820;0.189980;-0.320495;6e526951-250e-4037-8505-3204f70e406b;0.055664;1.388812;0.348965;-0.807301;0.404206;-0.002208;-0.429974;0.089956;1.339894;0.328794;-0.624726;0.654418;0.105748;-0.412641;0.068576;1.363125;0.332646;-0.794127;0.502252;0.030331;-0.340860;0.047102;1.405316;0.364276;-0.807301;0.404206;-0.002208;-0.429974;813;0.131958;1.315804;0.322372;-0.793239;0.446161;0.330944;0.249378
NA;197943;74;0.073739;1.493760;0.087255;0.998028;0.046425;-0.031438;0.028219;0.036560;1.402205;0.391128;-0.932864;-0.054260;0.340035;0.105813;0.075199;1.389756;0.346471;-0.921529;0.118959;0.347553;0.125861;0.094729;1.338151;0.330185;-0.800157;0.424748;0.341816;0.250002;0.052544;1.401137;0.373559;-0.926789;-0.015715;0.360956;0.102594;0.022807;1.402471;0.408171;-0.932864;-0.054260;0.340035;0.105813;0.061546;1.356004;0.377597;-0.055094;-0.948100;0.106879;-0.294362;0.092230;1.389524;0.360169;-0.905994;-0.143776;0.391060;0.074673;0.107767;1.336221;0.339777;-0.800157;0.424748;0.341816;0.250002;0.061572;1.381036;0.387582;-0.515896;-0.760871;0.326074;-0.220460;0.074871;1.350784;0.357774;-0.055094;-0.948100;0.106879;-0.294362;0.109286;1.350275;0.341206;-0.800157;0.424748;0.341816;0.250002;0.087480;1.337161;0.383698;0.066830;-0.901425;0.269587;-0.332099;0.113586;1.365198;0.385999;-0.807660;-0.304195;0.497443;0.087761;0.123253;1.332174;0.357534;-0.778575;0.290667;0.311112;0.461024;0.087833;1.353055;0.395617;-0.404451;-0.800048;0.399825;-0.191004;0.100414;1.335027;0.366682;0.066830;-0.901425;0.269587;-0.332099;2023/05/01 13:57:26.9739;0.075322;1.344105;0.379220;0.069691;-0.924355;0.182868;-0.327522;0.103854;1.379673;0.373652;-0.870217;-0.246536;0.420053;0.074143;0.120300;1.335330;0.350170;-0.800157;0.424748;0.341816;0.250002;0.074570;1.365681;0.393700;-0.423670;-0.807203;0.356284;-0.204913;0.090059;1.342771;0.360515;0.069691;-0.924355;0.182868;-0.327522;6e526951-250e-4037-8505-3204f70e406b;0.047412;1.381058;0.349321;-0.806782;0.398556;0.022454;-0.435606;0.083574;1.333784;0.328436;-0.629152;0.647017;0.129734;-0.410739;0.061477;1.356289;0.332542;-0.797000;0.493273;0.053777;-0.344355;0.037906;1.396834;0.364841;-0.806782;0.398556;0.022454;-0.435606;824;0.126341;1.311026;0.322244;-0.800157;0.424748;0.341816;0.250002
NA;197944;75;0.073736;1.493624;0.087138;0.998044;0.046674;-0.030543;0.028226;0.028527;1.397403;0.385671;-0.927358;-0.058911;0.358790;0.088360;0.069371;1.385938;0.342748;-0.915606;0.113889;0.368911;0.112247;0.091056;1.334818;0.327708;-0.794990;0.417696;0.365171;0.245300;0.045255;1.396749;0.368789;-0.920675;-0.020568;0.380181;0.086014;0.014074;1.397320;0.402127;-0.927358;-0.058911;0.358790;0.088360;0.055383;1.352004;0.373664;-0.055431;-0.943046;0.094126;-0.314217;0.085832;1.386314;0.357123;-0.899481;-0.147238;0.407477;0.056724;0.103745;1.333347;0.337834;-0.794990;0.417696;0.365171;0.245300;0.054348;1.377132;0.383351;-0.510562;-0.757797;0.324758;-0.244135;0.069602;1.346877;0.354447;-0.055431;-0.943046;0.094126;-0.314217;0.104790;1.347451;0.339202;-0.794990;0.417696;0.365171;0.245300;0.081492;1.334241;0.381112;0.072575;-0.898487;0.254980;-0.349914;0.106830;1.362826;0.384002;-0.801553;-0.305678;0.509026;0.070479;0.118611;1.329894;0.356234;-0.777695;0.279760;0.332900;0.453986;0.081012;1.350255;0.392864;-0.398638;-0.799029;0.396585;-0.212984;0.095135;1.332311;0.364634;0.072575;-0.898487;0.254980;-0.349914;2023/05/01 13:57:26.9846;0.069392;1.340652;0.376016;0.072682;-0.920468;0.167306;-0.345636;0.097184;1.376914;0.371148;-0.864086;-0.248672;0.434100;0.055449;0.115867;1.332906;0.348730;-0.794990;0.417696;0.365171;0.245300;0.067514;1.362356;0.390200;-0.418480;-0.805250;0.352693;-0.228157;0.084885;1.339525;0.357918;0.072682;-0.920468;0.167306;-0.345636;6e526951-250e-4037-8505-3204f70e406b;0.041793;1.376494;0.344506;-0.796863;0.412779;0.043894;-0.438972;0.080114;1.330108;0.325550;-0.617776;0.655927;0.149990;-0.406958;0.057239;1.352002;0.328556;-0.788479;0.503023;0.075730;-0.345736;0.031126;1.392150;0.359380;-0.796863;0.412779;0.043894;-0.438972;835;0.123749;1.308588;0.321280;-0.794990;0.417696;0.365171;0.245300
NA;197945;76;0.073770;1.493646;0.086955;0.998045;0.047084;-0.029896;0.028216;0.020742;1.392293;0.380201;-0.921369;-0.064158;0.376706;0.071100;0.063638;1.381958;0.339031;-0.909344;0.108132;0.389426;0.098736;0.087370;1.331403;0.325226;-0.789753;0.410106;0.387571;0.240605;0.038152;1.392108;0.364012;-0.914122;-0.026084;0.398566;0.069611;0.005643;1.391811;0.396060;-0.921369;-0.064158;0.376706;0.071100;0.049348;1.347793;0.369694;-0.055277;-0.937620;0.081821;-0.333343;0.079503;1.382904;0.354036;-0.892526;-0.151085;0.423120;0.039248;0.099689;1.330367;0.335851;-0.789753;0.410106;0.387571;0.240605;0.047287;1.372973;0.379076;-0.504676;-0.754654;0.323353;-0.266913;0.064413;1.342803;0.351095;-0.055277;-0.937620;0.081821;-0.333343;0.100270;1.344503;0.337154;-0.789753;0.410106;0.387571;0.240605;0.075537;1.331111;0.378433;0.078734;-0.895130;0.240709;-0.366883;0.100100;1.360207;0.381886;-0.795124;-0.307298;0.520025;0.054021;0.113914;1.327464;0.354841;-0.776603;0.268530;0.353662;0.446881;0.074249;1.347209;0.390009;-0.392351;-0.797873;0.393314;-0.234016;0.089843;1.329427;0.362499;0.078734;-0.895130;0.240709;-0.366883;2023/05/01 13:57:26.9958;0.063533;1.336999;0.372755;0.075915;-0.916147;0.152226;-0.362960;0.090563;1.373927;0.368562;-0.857536;-0.250990;0.447477;0.037419;0.111381;1.330348;0.347215;-0.789753;0.410106;0.387571;0.240605;0.060569;1.358783;0.386627;-0.412865;-0.803080;0.349101;-0.250470;0.079732;1.336113;0.355271;0.075915;-0.916147;0.152226;-0.362960;6e526951-250e-4037-8505-3204f70e406b;0.036334;1.371781;0.339735;-0.786701;0.426076;0.065088;-0.441956;0.076663;1.326361;0.322677;-0.606649;0.663818;0.169865;-0.403075;0.053087;1.347623;0.324617;-0.779935;0.511740;0.097241;-0.346942;0.024562;1.387263;0.353942;-0.786701;0.426076;0.065088;-0.441956;846;0.121038;1.306103;0.320272;-0.789753;0.410106;0.387571;0.240605
NA;197946;77;0.073755;1.493601;0.086845;0.998067;0.047179;-0.029336;0.027852;0.013235;1.386946;0.374728;-0.914939;-0.069830;0.393813;0.054062;0.058028;1.377858;0.335323;-0.902753;0.101860;0.409117;0.085352;0.083704;1.327936;0.322749;-0.784427;0.402095;0.409068;0.235920;0.031267;1.387273;0.359236;-0.907165;-0.032076;0.416137;0.053411;-0.002454;1.386025;0.389983;-0.914939;-0.069830;0.393813;0.054062;0.043473;1.343422;0.365703;-0.054726;-0.931859;0.069958;-0.351781;0.073275;1.379338;0.350914;-0.885181;-0.155206;0.438032;0.022235;0.095633;1.327311;0.333840;-0.784427;0.402095;0.409068;0.235920;0.040420;1.368617;0.374770;-0.498343;-0.751412;0.321879;-0.288840;0.059334;1.338606;0.347730;-0.054726;-0.931859;0.069958;-0.351781;0.095760;1.341464;0.335073;-0.784427;0.402095;0.409068;0.235920;0.069640;1.327825;0.375685;0.085027;-0.891393;0.226883;-0.383032;0.093434;1.357386;0.379668;-0.788501;-0.308815;0.530492;0.038444;0.109200;1.324916;0.353373;-0.775287;0.257079;0.373474;0.439725;0.067579;1.343976;0.387074;-0.385833;-0.796489;0.390103;-0.254084;0.084563;1.326411;0.360300;0.085027;-0.891393;0.226883;-0.383032;2023/05/01 13:57:27.0075;0.057778;1.333189;0.369449;0.079334;-0.911432;0.137612;-0.379554;0.084024;1.370757;0.365906;-0.850620;-0.253431;0.460237;0.020021;0.106879;1.327687;0.345637;-0.784427;0.402095;0.409068;0.235920;0.053768;1.355013;0.382993;-0.406900;-0.800694;0.345524;-0.271910;0.074633;1.332573;0.352585;0.079334;-0.911432;0.137612;-0.379554;6e526951-250e-4037-8505-3204f70e406b;0.031059;1.366964;0.335016;-0.776325;0.438522;0.085982;-0.444551;0.073250;1.322575;0.319828;-0.595733;0.670806;0.189329;-0.399095;0.049045;1.343189;0.320730;-0.771358;0.519548;0.118290;-0.347972;0.018238;1.382228;0.348536;-0.776325;0.438522;0.085982;-0.444551;858;0.118246;1.303591;0.319232;-0.784427;0.402095;0.409068;0.235920
NA;197947;78;0.073916;1.493404;0.086675;0.998115;0.047011;-0.028598;0.027183;0.007241;1.379633;0.373402;-0.913354;-0.072193;0.398243;0.044442;0.052618;1.371239;0.334530;-0.901027;0.099635;0.415084;0.077001;0.079120;1.321646;0.322425;-0.783650;0.399389;0.415838;0.231213;0.025435;1.380272;0.358111;-0.905357;-0.035198;0.420918;0.043801;-0.008594;1.378471;0.388488;-0.913354;-0.072193;0.398243;0.044442;0.038182;1.336811;0.365026;-0.056003;-0.930585;0.064065;-0.356051;0.067705;1.372994;0.350248;-0.883942;-0.155177;0.440840;0.015060;0.090976;1.321246;0.333612;-0.783650;0.399389;0.415838;0.231213;0.034781;1.362031;0.373897;-0.497975;-0.750307;0.318798;-0.295682;0.054236;1.332031;0.347216;-0.056003;-0.930585;0.064065;-0.356051;0.090881;1.335402;0.334736;-0.783650;0.399389;0.415838;0.231213;0.064630;1.321568;0.375163;0.088769;-0.891417;0.218715;-0.386858;0.087930;1.351438;0.379253;-0.787163;-0.311082;0.531652;0.030807;0.104401;1.319115;0.353210;-0.776410;0.253733;0.379491;0.434504;0.062201;1.337704;0.386500;-0.382656;-0.798046;0.385239;-0.261320;0.079726;1.320387;0.359928;0.088769;-0.891417;0.218715;-0.386858;2023/05/01 13:57:27.0187;0.052712;1.326749;0.368838;0.081548;-0.910818;0.129727;-0.383316;0.078447;1.364623;0.365363;-0.849387;-0.254611;0.462131;0.012268;0.102107;1.321825;0.345445;-0.783650;0.399389;0.415838;0.231213;0.048260;1.348555;0.382271;-0.404680;-0.801309;0.340975;-0.279061;0.069728;1.326343;0.352132;0.081548;-0.910818;0.129727;-0.383316;6e526951-250e-4037-8505-3204f70e406b;0.025742;1.359860;0.334340;-0.769535;0.443365;0.091478;-0.450418;0.068758;1.316110;0.319504;-0.591017;0.670610;0.194898;-0.403728;0.044209;1.336316;0.320287;-0.766425;0.521685;0.123617;-0.353776;0.012511;1.375003;0.347598;-0.769535;0.443365;0.091478;-0.450418;869;0.114057;1.297810;0.319224;-0.783650;0.399389;0.415838;0.231213
NA;197948;79;0.073813;1.493441;0.086606;0.998150;0.046938;-0.028218;0.026422;0.002892;1.374505;0.372340;-0.912270;-0.076349;0.401254;0.030481;0.048812;1.367191;0.333902;-0.899945;0.095959;0.420417;0.064348;0.076390;1.318125;0.322137;-0.784715;0.395429;0.421943;0.223208;0.021194;1.375607;0.357205;-0.904096;-0.039734;0.424416;0.030056;-0.013036;1.372948;0.387292;-0.912270;-0.076349;0.401254;0.030481;0.034755;1.332679;0.364648;-0.058886;-0.930026;0.056329;-0.358347;0.063792;1.369304;0.349677;-0.883631;-0.155945;0.441415;0.005447;0.088229;1.318024;0.333358;-0.784715;0.395429;0.421943;0.223208;0.030962;1.357932;0.373264;-0.498894;-0.749626;0.312890;-0.302103;0.050930;1.327902;0.346948;-0.058886;-0.930026;0.056329;-0.358347;0.087825;1.332175;0.334353;-0.784715;0.395429;0.421943;0.223208;0.061650;1.317988;0.374752;0.092547;-0.893018;0.209197;-0.387545;0.084350;1.348250;0.378818;-0.787393;-0.314531;0.529689;0.022636;0.101610;1.316222;0.352922;-0.779883;0.249739;0.384285;0.426308;0.058854;1.334085;0.386060;-0.379835;-0.801265;0.377537;-0.266769;0.076817;1.317098;0.359569;0.092547;-0.893018;0.209197;-0.387545;2023/05/01 13:57:27.0288;0.049640;1.322874;0.368404;0.083931;-0.911430;0.119725;-0.384601;0.074647;1.361198;0.364856;-0.849208;-0.256996;0.461294;0.002697;0.099291;1.318864;0.345141;-0.784715;0.395429;0.421943;0.223208;0.044706;1.344642;0.381730;-0.402848;-0.803248;0.333320;-0.285314;0.066730;1.322746;0.351769;0.083931;-0.911430;0.119725;-0.384601;6e526951-250e-4037-8505-3204f70e406b;0.022050;1.354929;0.334358;-0.762656;0.442027;0.094808;-0.462581;0.066142;1.312345;0.319296;-0.585391;0.667073;0.201586;-0.414361;0.041052;1.331872;0.320211;-0.761464;0.519365;0.127632;-0.366256;0.008472;1.369738;0.347642;-0.762656;0.442027;0.094808;-0.462581;880;0.111857;1.295046;0.319029;-0.784715;0.395429;0.421943;0.223208
NA;197949;80;0.073701;1.493460;0.086534;0.998176;0.046796;-0.027552;0.026385;-0.001630;1.369240;0.371016;-0.910564;-0.080885;0.405052;0.016232;0.044879;1.363072;0.333102;-0.898287;0.091849;0.426593;0.051602;0.073559;1.314569;0.321714;-0.785421;0.390966;0.428737;0.215508;0.016795;1.370827;0.356074;-0.902201;-0.044647;0.428698;0.016073;-0.017667;1.367266;0.385801;-0.910564;-0.080885;0.405052;0.016232;0.031145;1.328466;0.364065;-0.061667;-0.929026;0.048701;-0.361575;0.059716;1.365536;0.348962;-0.882767;-0.156901;0.442815;-0.004354;0.085355;1.314767;0.332989;-0.785421;0.390966;0.428737;0.215508;0.026943;1.353742;0.372419;-0.499371;-0.748635;0.307478;-0.309245;0.047477;1.323695;0.346507;-0.061667;-0.929026;0.048701;-0.361575;0.084633;1.328905;0.333856;-0.785421;0.390966;0.428737;0.215508;0.058459;1.314348;0.374183;0.096661;-0.894182;0.199623;-0.388904;0.080547;1.344986;0.378267;-0.787080;-0.318040;0.528347;0.014300;0.098648;1.313288;0.352539;-0.783032;0.245080;0.389697;0.418249;0.055279;1.330395;0.385461;-0.376525;-0.804239;0.370147;-0.272799;0.073718;1.313757;0.359076;0.096661;-0.894182;0.199623;-0.388904;2023/05/01 13:57:27.0405;0.046378;1.318930;0.367790;0.086533;-0.911584;0.109642;-0.386660;0.070651;1.357695;0.364221;-0.848473;-0.259512;0.461190;-0.007113;0.096319;1.315865;0.344739;-0.785421;0.390966;0.428737;0.215508;0.040937;1.340646;0.381003;-0.400554;-0.804904;0.325997;-0.292255;0.063567;1.319087;0.351257;0.086533;-0.911584;0.109642;-0.386660;6e526951-250e-4037-8505-3204f70e406b;0.018268;1.349913;0.334181;-0.755559;0.440744;0.098813;-0.474459;0.063436;1.308546;0.318936;-0.579486;0.663614;0.208846;-0.424495;0.037818;1.327369;0.319954;-0.756290;0.517033;0.132284;-0.378422;0.004330;1.364368;0.347481;-0.755559;0.440744;0.098813;-0.474459;891;0.109551;1.292273;0.318751;-0.785421;0.390966;0.428737;0.215508
NA;197950;81;0.073520;1.493485;0.086504;0.998164;0.047005;-0.027324;0.026679;-0.002803;1.363918;0.369502;-0.911603;-0.084389;0.402140;0.011908;0.043559;1.358316;0.331326;-0.899783;0.088937;0.424563;0.047186;0.072601;1.310124;0.319578;-0.788781;0.388129;0.427253;0.211270;0.015523;1.365741;0.354466;-0.903370;-0.048034;0.426000;0.011836;-0.018738;1.361723;0.384367;-0.911603;-0.084389;0.402140;0.011908;0.030301;1.323525;0.362318;-0.059770;-0.930597;0.045606;-0.358241;0.058488;1.360856;0.347087;-0.884185;-0.159710;0.438936;-0.006607;0.084486;1.310395;0.330761;-0.788781;0.388129;0.427253;0.211270;0.025981;1.348752;0.370757;-0.498630;-0.751410;0.303233;-0.307898;0.046533;1.318897;0.344629;-0.059770;-0.930597;0.045606;-0.358241;0.083636;1.324522;0.331650;-0.788781;0.388129;0.427253;0.211270;0.057916;1.309625;0.372084;0.101250;-0.896335;0.196362;-0.384414;0.079725;1.340384;0.376155;-0.788672;-0.321949;0.523600;0.013739;0.097932;1.308962;0.350166;-0.786902;0.243174;0.387124;0.414472;0.054639;1.325555;0.383499;-0.373465;-0.808607;0.365249;-0.270689;0.073070;1.309310;0.356864;0.101250;-0.896335;0.196362;-0.384414;2023/05/01 13:57:27.0527;0.045751;1.314120;0.365818;0.091212;-0.913167;0.105776;-0.382907;0.069607;1.353056;0.362235;-0.849753;-0.262851;0.456892;-0.008897;0.095523;1.311548;0.342393;-0.788781;0.388129;0.427253;0.211270;0.040164;1.335705;0.379185;-0.397897;-0.808697;0.321084;-0.290847;0.062830;1.314579;0.349177;0.091212;-0.913167;0.105776;-0.382907;6e526951-250e-4037-8505-3204f70e406b;0.016968;1.344697;0.332872;-0.753339;0.436330;0.098507;-0.482071;0.062507;1.304009;0.316898;-0.579327;0.658226;0.210578;-0.432175;0.036651;1.322477;0.318322;-0.755445;0.512376;0.131968;-0.386468;0.002972;1.358914;0.346366;-0.753339;0.436330;0.098507;-0.482071;903;0.108784;1.288187;0.316212;-0.788781;0.388129;0.427253;0.211270
NA;197951;82;0.073359;1.493463;0.086451;0.998155;0.047162;-0.027008;0.027088;-0.002372;1.360675;0.371068;-0.910146;-0.094835;0.403106;0.012084;0.044129;1.356033;0.332940;-0.900041;0.079771;0.425691;0.048471;0.073356;1.308167;0.320353;-0.792424;0.379992;0.426464;0.214006;0.015985;1.362892;0.356124;-0.902293;-0.057675;0.427060;0.012691;-0.018335;1.358068;0.385836;-0.910146;-0.094835;0.403106;0.012084;0.030919;1.320620;0.363313;-0.052282;-0.930814;0.047846;-0.358556;0.059030;1.358336;0.348764;-0.882348;-0.168329;0.439439;-0.004522;0.085229;1.308277;0.331554;-0.792424;0.379992;0.426464;0.214006;0.026529;1.345695;0.372159;-0.491864;-0.755610;0.305262;-0.306494;0.047181;1.316288;0.345577;-0.052282;-0.930814;0.047846;-0.358556;0.084326;1.322381;0.332694;-0.792424;0.379992;0.426464;0.214006;0.058586;1.306706;0.372840;0.110321;-0.895512;0.198549;-0.382709;0.080306;1.337410;0.377478;-0.785745;-0.329462;0.523210;0.017652;0.098657;1.306535;0.350939;-0.789602;0.235010;0.384215;0.416746;0.055247;1.322406;0.384552;-0.365186;-0.812597;0.366626;-0.268161;0.073751;1.306724;0.357628;0.110321;-0.895512;0.198549;-0.382709;2023/05/01 13:57:27.0629;0.046471;1.311244;0.366612;0.101160;-0.912107;0.106938;-0.382613;0.070160;1.350300;0.363780;-0.847017;-0.271213;0.457124;-0.006536;0.096247;1.309255;0.343213;-0.792424;0.379992;0.426464;0.214006;0.040754;1.332545;0.380373;-0.389217;-0.812905;0.322254;-0.289565;0.063583;1.312114;0.350021;0.101160;-0.912107;0.106938;-0.382613;6e526951-250e-4037-8505-3204f70e406b;0.017568;1.342228;0.334293;-0.756039;0.429351;0.104260;-0.482900;0.063287;1.302065;0.317555;-0.584322;0.652422;0.216200;-0.431476;0.037344;1.320381;0.319311;-0.759472;0.504716;0.136621;-0.387040;0.003492;1.356127;0.348035;-0.756039;0.429351;0.104260;-0.482900;914;0.109622;1.286425;0.316624;-0.792424;0.379992;0.426464;0.214006
NA;197952;83;0.073121;1.493451;0.086415;0.998137;0.047405;-0.026864;0.027469;-0.002390;1.357232;0.372262;-0.908311;-0.105268;0.404677;0.011264;0.044310;1.353586;0.334276;-0.899893;0.070637;0.427561;0.048935;0.073810;1.306089;0.320946;-0.795624;0.371773;0.426629;0.216230;0.016016;1.359855;0.357442;-0.900832;-0.067247;0.428744;0.012614;-0.018395;1.354197;0.386901;-0.908311;-0.105268;0.404677;0.011264;0.031161;1.317564;0.364028;-0.044982;-0.930703;0.049247;-0.359644;0.059157;1.355689;0.350178;-0.880153;-0.176901;0.440482;-0.003508;0.085652;1.306064;0.332180;-0.795624;0.371773;0.426629;0.216230;0.026648;1.342482;0.373248;-0.484957;-0.759512;0.306917;-0.306202;0.047486;1.313533;0.346280;-0.044982;-0.930703;0.049247;-0.359644;0.084676;1.320142;0.333560;-0.795624;0.371773;0.426629;0.216230;0.058872;1.303700;0.373388;0.119141;-0.894524;0.199876;-0.381684;0.080460;1.334375;0.378585;-0.782576;-0.336830;0.523165;0.020485;0.099036;1.304054;0.351568;-0.792112;0.226648;0.382264;0.418405;0.055437;1.319176;0.385367;-0.357000;-0.816287;0.367593;-0.266648;0.074069;1.304046;0.358212;0.119141;-0.894524;0.199876;-0.381684;2023/05/01 13:57:27.0746;0.046819;1.308252;0.367168;0.110909;-0.910786;0.107168;-0.382992;0.070286;1.347449;0.365084;-0.843980;-0.279459;0.457792;-0.005273;0.096634;1.306896;0.343883;-0.795624;0.371773;0.426629;0.216230;0.040921;1.329270;0.381283;-0.380504;-0.816812;0.322972;-0.289352;0.063986;1.309538;0.350661;0.110909;-0.910786;0.107168;-0.382992;6e526951-250e-4037-8505-3204f70e406b;0.017808;1.339579;0.335377;-0.758136;0.423077;0.110722;-0.483712;0.063779;1.299986;0.318017;-0.588464;0.647205;0.222532;-0.430482;0.037726;1.318120;0.320027;-0.762868;0.497645;0.142066;-0.387556;0.003614;1.353152;0.349321;-0.758136;0.423077;0.110722;-0.483712;925;0.110195;1.284596;0.316942;-0.795624;0.371773;0.426629;0.216230
NA;197953;84;0.072890;1.493428;0.086370;0.998118;0.047605;-0.026716;0.027927;0.000749;1.355443;0.374491;-0.910101;-0.107489;0.399692;0.020236;0.046929;1.351604;0.335887;-0.902558;0.068591;0.421262;0.056765;0.075659;1.303930;0.321544;-0.799466;0.370619;0.417663;0.221480;0.019004;1.357973;0.359472;-0.902993;-0.069025;0.423528;0.021535;-0.015115;1.352459;0.389294;-0.910101;-0.107489;0.399692;0.020236;0.033714;1.315374;0.365353;-0.041574;-0.932970;0.057035;-0.352968;0.062008;1.353316;0.351618;-0.881883;-0.179674;0.435849;0.005992;0.087644;1.303610;0.332620;-0.799466;0.370619;0.417663;0.221480;0.029635;1.340227;0.374945;-0.484010;-0.762626;0.310439;-0.296250;0.049757;1.311372;0.347342;-0.041574;-0.932970;0.057035;-0.352968;0.086862;1.317680;0.334204;-0.799466;0.370619;0.417663;0.221480;0.061355;1.301084;0.374179;0.121364;-0.894967;0.208918;-0.375043;0.083412;1.331371;0.379462;-0.783980;-0.337874;0.519826;0.031580;0.101255;1.301181;0.351811;-0.793464;0.226581;0.372903;0.424286;0.058276;1.316436;0.386411;-0.355587;-0.818124;0.372122;-0.256428;0.076350;1.301443;0.358804;0.121364;-0.894967;0.208918;-0.375043;2023/05/01 13:57:27.0858;0.049283;1.305844;0.368178;0.113654;-0.911853;0.116090;-0.377001;0.073227;1.344745;0.366267;-0.845293;-0.281677;0.453998;0.004991;0.098788;1.304153;0.344196;-0.799466;0.370619;0.417663;0.221480;0.043840;1.326752;0.382635;-0.379246;-0.819036;0.327492;-0.279467;0.066248;1.307129;0.351464;0.113654;-0.911853;0.116090;-0.377001;6e526951-250e-4037-8505-3204f70e406b;0.020131;1.337783;0.337113;-0.763295;0.416521;0.107675;-0.481974;0.065517;1.297992;0.318659;-0.596330;0.641384;0.218541;-0.430414;0.039666;1.316339;0.321259;-0.768593;0.491171;0.137693;-0.386079;0.006205;1.351313;0.351366;-0.763295;0.416521;0.107675;-0.481974;936;0.111717;1.282043;0.316790;-0.799466;0.370619;0.417663;0.221480
NA;197954;85;0.072662;1.493406;0.086322;0.998089;0.047866;-0.026796;0.028461;0.005869;1.355755;0.378407;-0.913199;-0.108052;0.391619;0.032056;0.051207;1.351456;0.338860;-0.906426;0.068328;0.411422;0.066757;0.078693;1.303399;0.323399;-0.803580;0.372460;0.404521;0.227806;0.023872;1.358090;0.363056;-0.906509;-0.069306;0.415146;0.033032;-0.009757;1.352922;0.393491;-0.913199;-0.108052;0.391619;0.032056;0.037886;1.315173;0.368202;-0.040302;-0.936128;0.067513;-0.342757;0.066634;1.352695;0.354294;-0.885206;-0.179988;0.428555;0.018852;0.090893;1.302720;0.334221;-0.803580;0.372460;0.404521;0.227806;0.034488;1.339992;0.378141;-0.485822;-0.765170;0.314522;-0.282077;0.053482;1.311071;0.349825;-0.040302;-0.936128;0.067513;-0.342757;0.090421;1.316782;0.335978;-0.803580;0.372460;0.404521;0.227806;0.065389;1.300249;0.376313;0.120247;-0.896001;0.221242;-0.365752;0.088168;1.330021;0.381446;-0.787225;-0.336368;0.514806;0.045913;0.104844;1.299807;0.353101;-0.794327;0.230121;0.360101;0.431760;0.062882;1.315526;0.388768;-0.357667;-0.818835;0.378053;-0.242199;0.080066;1.300477;0.360632;0.120247;-0.896001;0.221242;-0.365752;2023/05/01 13:57:27.0954;0.053311;1.305327;0.370610;0.114091;-0.913813;0.128199;-0.368096;0.077980;1.343740;0.368612;-0.848383;-0.281445;0.447970;0.018933;0.102280;1.302913;0.345572;-0.803580;0.372460;0.404521;0.227806;0.048578;1.326170;0.385406;-0.380709;-0.820723;0.333169;-0.265466;0.069955;1.306482;0.353567;0.114091;-0.913813;0.128199;-0.368096;6e526951-250e-4037-8505-3204f70e406b;0.024076;1.338036;0.340501;-0.770748;0.408226;0.099078;-0.479045;0.068380;1.297694;0.320656;-0.605990;0.635218;0.209295;-0.430662;0.042910;1.316447;0.324008;-0.776029;0.483956;0.127783;-0.383715;0.010674;1.351636;0.355183;-0.770748;0.408226;0.099078;-0.479045;946;0.114208;1.280871;0.317663;-0.803580;0.372460;0.404521;0.227806
NA;197955;86;0.072374;1.493376;0.086305;0.998068;0.047833;-0.026960;0.029094;0.010470;1.355658;0.381919;-0.915707;-0.109036;0.384421;0.042573;0.055047;1.351036;0.341549;-0.909710;0.067479;0.402682;0.075637;0.081414;1.302691;0.325068;-0.807251;0.373593;0.392733;0.233528;0.028243;1.357851;0.366281;-0.909401;-0.070111;0.407680;0.043252;-0.004939;1.352934;0.397244;-0.915707;-0.109036;0.384421;0.042573;0.041636;1.314679;0.370743;-0.038560;-0.938757;0.076809;-0.333691;0.070771;1.351839;0.356710;-0.887876;-0.180674;0.422033;0.030363;0.093793;1.301682;0.335658;-0.807251;0.373593;0.392733;0.233528;0.038839;1.339442;0.381003;-0.486882;-0.767550;0.318158;-0.269422;0.056834;1.310527;0.352047;-0.038560;-0.938757;0.076809;-0.333691;0.093597;1.315730;0.337578;-0.807251;0.373593;0.392733;0.233528;0.068988;1.299193;0.378211;0.119546;-0.896684;0.232268;-0.357377;0.092396;1.328501;0.383219;-0.789760;-0.335361;0.510256;0.058744;0.108030;1.298322;0.354251;-0.795062;0.232788;0.348514;0.438434;0.066991;1.314383;0.390863;-0.359200;-0.819393;0.383349;-0.229379;0.083376;1.299324;0.362263;0.119546;-0.896684;0.232268;-0.357377;2023/05/01 13:57:27.1066;0.056917;1.304562;0.372776;0.114974;-0.915305;0.139021;-0.360099;0.082217;1.342534;0.370722;-0.850822;-0.281574;0.442523;0.031474;0.105385;1.301554;0.346804;-0.807251;0.373593;0.392733;0.233528;0.052815;1.325319;0.387880;-0.381501;-0.822256;0.338234;-0.252883;0.073271;1.305633;0.355450;0.114974;-0.915305;0.139021;-0.360099;6e526951-250e-4037-8505-3204f70e406b;0.027630;1.337960;0.343555;-0.777439;0.400263;0.091723;-0.476408;0.070955;1.297194;0.322449;-0.614706;0.629313;0.201415;-0.430737;0.045837;1.316283;0.326482;-0.782708;0.477016;0.119265;-0.381575;0.014702;1.351590;0.358629;-0.777439;0.400263;0.091723;-0.476408;957;0.116423;1.279621;0.318446;-0.807251;0.373593;0.392733;0.233528
NA;197956;87;0.072075;1.493365;0.086269;0.998038;0.047973;-0.027363;0.029497;0.014633;1.355234;0.385102;-0.917751;-0.110357;0.377951;0.052030;0.058523;1.350396;0.344006;-0.912535;0.066163;0.394856;0.083615;0.083874;1.301837;0.326586;-0.810574;0.374155;0.382062;0.238760;0.032196;1.357327;0.369215;-0.911801;-0.071332;0.400976;0.052435;-0.000578;1.352584;0.400636;-0.917751;-0.110357;0.377951;0.052030;0.045031;1.313950;0.373034;-0.036444;-0.940971;0.085148;-0.325570;0.074499;1.350796;0.358918;-0.890030;-0.181667;0.416150;0.040772;0.096403;1.300525;0.336963;-0.810574;0.374155;0.382062;0.238760;0.042769;1.338642;0.383595;-0.487341;-0.769808;0.321440;-0.258013;0.059872;1.309786;0.354056;-0.036444;-0.940971;0.085148;-0.325570;0.096455;1.314553;0.339037;-0.810574;0.374155;0.382062;0.238760;0.072223;1.297960;0.379917;0.119199;-0.897099;0.242231;-0.349756;0.096186;1.326847;0.384823;-0.791736;-0.334767;0.506098;0.070353;0.110885;1.296748;0.355288;-0.795709;0.234746;0.337929;0.444462;0.070687;1.313056;0.392745;-0.360280;-0.819851;0.388126;-0.217717;0.086348;1.298022;0.363735;0.119199;-0.897099;0.242231;-0.349756;2023/05/01 13:57:27.1188;0.060171;1.303599;0.374728;0.116222;-0.916432;0.148793;-0.352855;0.086024;1.341168;0.372642;-0.852746;-0.282005;0.437560;0.042869;0.108171;1.300100;0.347920;-0.810574;0.374155;0.382062;0.238760;0.056634;1.324251;0.390115;-0.381752;-0.823677;0.342806;-0.241467;0.076262;1.304619;0.357154;0.116222;-0.916432;0.148793;-0.352855;6e526951-250e-4037-8505-3204f70e406b;0.030856;1.337617;0.346337;-0.783508;0.392595;0.085395;-0.474017;0.073291;1.296530;0.324076;-0.622658;0.623634;0.194658;-0.430682;0.048496;1.315898;0.328732;-0.788776;0.470317;0.111891;-0.379626;0.018356;1.351244;0.361771;-0.783508;0.392595;0.085395;-0.474017;969;0.118412;1.278309;0.319157;-0.810574;0.374155;0.382062;0.238760
NA;197957;88;0.071499;1.493345;0.086379;0.998005;0.047843;-0.027975;0.030231;0.022706;1.357955;0.386332;-0.921219;-0.102881;0.369538;0.064902;0.065500;1.351607;0.344316;-0.915307;0.076142;0.383852;0.095255;0.088999;1.302154;0.326813;-0.809233;0.385989;0.368771;0.245282;0.039967;1.359491;0.370055;-0.915476;-0.063108;0.392052;0.064933;0.007770;1.355774;0.402202;-0.921219;-0.102881;0.369538;0.064902;0.051608;1.315861;0.373904;-0.043922;-0.942901;0.096260;-0.315820;0.081797;1.351650;0.358882;-0.894482;-0.170936;0.409562;0.054244;0.101703;1.300552;0.336933;-0.809233;0.385989;0.368771;0.245282;0.050250;1.340674;0.384333;-0.496758;-0.766183;0.326266;-0.244429;0.065950;1.311219;0.354655;-0.043922;-0.942901;0.096260;-0.315820;0.102221;1.314589;0.338875;-0.809233;0.385989;0.368771;0.245282;0.078406;1.299102;0.380400;0.108862;-0.897382;0.254690;-0.343494;0.103304;1.327276;0.384542;-0.797425;-0.322697;0.502986;0.083578;0.116454;1.296495;0.354980;-0.791411;0.248062;0.327820;0.452402;0.077575;1.314336;0.393129;-0.370716;-0.814812;0.395455;-0.205587;0.092208;1.298661;0.363948;0.108862;-0.897382;0.254690;-0.343494;2023/05/01 13:57:27.1294;0.066385;1.305091;0.375444;0.105887;-0.918235;0.162212;-0.345429;0.093319;1.341794;0.372447;-0.858038;-0.270662;0.432705;0.057267;0.113685;1.299865;0.347640;-0.809233;0.385989;0.368771;0.245282;0.063809;1.325966;0.390721;-0.392520;-0.819300;0.350137;-0.228210;0.082124;1.305503;0.357528;0.105887;-0.918235;0.162212;-0.345429;6e526951-250e-4037-8505-3204f70e406b;0.037445;1.339607;0.347390;-0.789624;0.391400;0.068972;-0.467487;0.078210;1.297148;0.324579;-0.628166;0.624176;0.177156;-0.429451;0.054079;1.317250;0.329605;-0.793173;0.471140;0.095054;-0.373990;0.025697;1.353702;0.362992;-0.789624;0.391400;0.068972;-0.467487;980;0.122646;1.277529;0.318868;-0.809233;0.385989;0.368771;0.245282
NA;197958;89;0.071181;1.493416;0.086390;0.997960;0.047885;-0.028671;0.030989;0.030217;1.360142;0.387389;-0.924058;-0.096720;0.361771;0.076707;0.071957;1.352488;0.344559;-0.917585;0.084821;0.373636;0.106021;0.093742;1.302278;0.326998;-0.807841;0.396451;0.356486;0.251271;0.047184;1.361203;0.370769;-0.918528;-0.056230;0.383802;0.076427;0.015547;1.358357;0.403554;-0.924058;-0.096720;0.361771;0.076707;0.057735;1.317380;0.374633;-0.050123;-0.944437;0.106336;-0.306950;0.088529;1.352187;0.358808;-0.898204;-0.161334;0.403439;0.066617;0.106593;1.300400;0.336883;-0.807841;0.396451;0.356486;0.251271;0.057192;1.342274;0.384945;-0.504835;-0.762893;0.330638;-0.231983;0.071615;1.312341;0.355146;-0.050123;-0.944437;0.106336;-0.306950;0.107534;1.314431;0.338702;-0.807841;0.396451;0.356486;0.251271;0.084140;1.299922;0.380788;0.099819;-0.897338;0.265982;-0.337749;0.109853;1.327416;0.384239;-0.802256;-0.311799;0.500007;0.095704;0.121574;1.296069;0.354671;-0.787292;0.259919;0.318400;0.459604;0.083950;1.315258;0.393421;-0.379862;-0.810080;0.402080;-0.194440;0.097638;1.299045;0.364103;0.099819;-0.897338;0.265982;-0.337749;2023/05/01 13:57:27.1406;0.072158;1.306242;0.376046;0.096750;-0.919552;0.174506;-0.338544;0.100038;1.342116;0.372226;-0.862512;-0.260401;0.428120;0.070552;0.118756;1.299460;0.347360;-0.807841;0.396451;0.356486;0.251271;0.070463;1.327284;0.391216;-0.401983;-0.815146;0.356813;-0.215944;0.087555;1.306119;0.357832;0.096750;-0.919552;0.174506;-0.338544;6e526951-250e-4037-8505-3204f70e406b;0.043577;1.341211;0.348311;-0.795130;0.389838;0.054068;-0.461380;0.082777;1.297556;0.325014;-0.633179;0.624294;0.161287;-0.428168;0.059278;1.318308;0.330373;-0.797084;0.471509;0.079789;-0.368743;0.032533;1.355705;0.364062;-0.795130;0.389838;0.054068;-0.461380;991;0.126539;1.276675;0.318596;-0.807841;0.396451;0.356486;0.251271
NA;197959;90;0.070864;1.493341;0.086441;0.997921;0.047811;-0.029400;0.031677;0.036308;1.363453;0.388070;-0.926073;-0.095263;0.355954;0.081306;0.077300;1.355138;0.344684;-0.919371;0.090669;0.366364;0.110968;0.097771;1.304283;0.327406;-0.805640;0.406855;0.347493;0.254288;0.053053;1.364340;0.371216;-0.920796;-0.053570;0.377726;0.081163;0.021841;1.361767;0.404428;-0.926073;-0.095263;0.355954;0.081306;0.062847;1.320721;0.375401;-0.059100;-0.945445;0.113709;-0.299520;0.094088;1.354662;0.358673;-0.901656;-0.151029;0.398216;0.075039;0.110741;1.302259;0.337108;-0.805640;0.406855;0.347493;0.254288;0.062980;1.345735;0.385433;-0.514153;-0.758394;0.333092;-0.222568;0.076312;1.315198;0.355755;-0.059100;-0.945445;0.113709;-0.299520;0.111994;1.316289;0.338728;-0.805640;0.406855;0.347493;0.254288;0.088953;1.302791;0.381373;0.089542;-0.897707;0.274044;-0.333173;0.115303;1.329757;0.384063;-0.807187;-0.300749;0.497179;0.103985;0.125909;1.297829;0.354695;-0.783464;0.271469;0.312212;0.463694;0.089302;1.318273;0.393822;-0.390045;-0.805044;0.406423;-0.185983;0.102168;1.301463;0.364491;0.089542;-0.897707;0.274044;-0.333173;2023/05/01 13:57:27.1518;0.076996;1.309329;0.376788;0.085894;-0.920954;0.183273;-0.332982;0.105600;1.344513;0.372029;-0.866934;-0.249400;0.424119;0.079672;0.123045;1.301192;0.347388;-0.805640;0.406855;0.347493;0.254288;0.076031;1.330595;0.391708;-0.412639;-0.810291;0.361105;-0.206790;0.092079;1.308646;0.358325;0.085894;-0.920954;0.183273;-0.332982;6e526951-250e-4037-8505-3204f70e406b;0.048746;1.344410;0.349160;-0.797660;0.390802;0.040805;-0.457544;0.086681;1.299761;0.325668;-0.635034;0.625632;0.147338;-0.428497;0.063677;1.321018;0.331194;-0.798710;0.473200;0.066031;-0.365766;0.038255;1.359286;0.364932;-0.797660;0.390802;0.040805;-0.457544;1002;0.129901;1.277916;0.318783;-0.805640;0.406855;0.347493;0.254288
NA;197960;91;0.070551;1.493349;0.086409;0.997861;0.048065;-0.030254;0.032383;0.046629;1.365887;0.394135;-0.930912;-0.091469;0.339761;0.097977;0.085706;1.356640;0.349201;-0.924545;0.095505;0.347363;0.124235;0.104119;1.305368;0.330878;-0.809634;0.413327;0.326288;0.259211;0.062756;1.366394;0.376673;-0.926187;-0.049358;0.360994;0.097083;0.032736;1.364514;0.411011;-0.930912;-0.091469;0.339761;0.097977;0.071487;1.322449;0.380150;-0.059278;-0.949407;0.125494;-0.281716;0.102968;1.355597;0.362568;-0.907102;-0.146961;0.383620;0.091672;0.117373;1.302918;0.340086;-0.809634;0.413327;0.326288;0.259211;0.072611;1.347354;0.390388;-0.519238;-0.760246;0.334615;-0.201125;0.084130;1.316842;0.359988;-0.059278;-0.949407;0.125494;-0.281716;0.119070;1.316897;0.341736;-0.809634;0.413327;0.326288;0.259211;0.097166;1.303786;0.385167;0.082828;-0.899345;0.289821;-0.316737;0.124387;1.329926;0.387008;-0.813929;-0.293666;0.485874;0.123315;0.133034;1.297941;0.357066;-0.783454;0.281360;0.292554;0.470583;0.098441;1.319161;0.397688;-0.397651;-0.803609;0.411451;-0.163691;0.109704;1.302208;0.367797;0.082828;-0.899345;0.289821;-0.316737;2023/05/01 13:57:27.1624;0.085280;1.310686;0.381031;0.081781;-0.923847;0.198662;-0.316783;0.114669;1.345035;0.375431;-0.872657;-0.244274;0.411279;0.098230;0.130003;1.301437;0.349890;-0.809634;0.413327;0.326288;0.259211;0.085455;1.331853;0.396121;-0.419023;-0.810295;0.365591;-0.184892;0.099668;1.309753;0.362032;0.081781;-0.923847;0.198662;-0.316783;6e526951-250e-4037-8505-3204f70e406b;0.057017;1.346572;0.354790;-0.805732;0.379202;0.022195;-0.454433;0.092852;1.301162;0.329533;-0.645608;0.616745;0.128747;-0.431556;0.070633;1.322956;0.336088;-0.806381;0.463711;0.045985;-0.364153;0.047532;1.361579;0.371067;-0.805732;0.379202;0.022195;-0.454433;1013;0.135172;1.278197;0.320904;-0.809634;0.413327;0.326288;0.259211
NA;197961;92;0.070252;1.493323;0.086378;0.997801;0.048273;-0.031137;0.033062;0.056573;1.367979;0.399690;-0.935005;-0.087040;0.324289;0.114132;0.093748;1.357840;0.353356;-0.928858;0.100460;0.329186;0.136993;0.110180;1.306239;0.334106;-0.813022;0.419100;0.306183;0.263823;0.072080;1.368110;0.381668;-0.930775;-0.044651;0.344985;0.112470;0.043250;1.366921;0.417041;-0.935005;-0.087040;0.324289;0.114132;0.079768;1.323851;0.384492;-0.058797;-0.952709;0.136471;-0.265075;0.111420;1.356251;0.366121;-0.911737;-0.143152;0.369766;0.107320;0.123674;1.303381;0.342839;-0.813022;0.419100;0.306183;0.263823;0.081815;1.348622;0.394910;-0.523418;-0.761838;0.335978;-0.180985;0.091635;1.318215;0.363873;-0.058797;-0.952709;0.136471;-0.265075;0.125787;1.317299;0.344504;-0.813022;0.419100;0.306183;0.263823;0.104980;1.304518;0.388644;0.076466;-0.900374;0.304686;-0.301076;0.132973;1.329854;0.389652;-0.819823;-0.286790;0.474964;0.141603;0.139761;1.297876;0.359228;-0.783064;0.290401;0.273896;0.476927;0.107128;1.319765;0.401202;-0.404569;-0.801806;0.416078;-0.142519;0.116856;1.302725;0.370835;0.076466;-0.900374;0.304686;-0.301076;2023/05/01 13:57:27.1742;0.093194;1.311753;0.384918;0.078162;-0.926065;0.213076;-0.301485;0.123269;1.345295;0.378510;-0.877548;-0.239385;0.399016;0.115719;0.136581;1.301501;0.352182;-0.813022;0.419100;0.306183;0.263823;0.094440;1.332790;0.400139;-0.424599;-0.809977;0.369706;-0.164229;0.106912;1.310618;0.365441;0.078162;-0.926065;0.213076;-0.301485;6e526951-250e-4037-8505-3204f70e406b;0.064986;1.348383;0.360005;-0.813025;0.367862;0.004758;-0.451271;0.098768;1.302333;0.333137;-0.655362;0.607936;0.111302;-0.434196;0.077337;1.324602;0.340645;-0.813289;0.454372;0.027197;-0.362446;0.056468;1.363476;0.376731;-0.813025;0.367862;0.004758;-0.451271;1025;0.140155;1.278348;0.322887;-0.813022;0.419100;0.306183;0.263823
NA;197962;93;0.070011;1.493286;0.086390;0.997736;0.048402;-0.032102;0.033902;0.066592;1.370627;0.404445;-0.937466;-0.091591;0.308129;0.133512;0.101779;1.360352;0.356629;-0.933166;0.098599;0.309545;0.153823;0.115766;1.308548;0.336048;-0.816958;0.422198;0.282764;0.272714;0.081469;1.370712;0.385900;-0.934182;-0.048134;0.328149;0.131553;0.053836;1.369532;0.422215;-0.937466;-0.091591;0.308129;0.133512;0.087737;1.326351;0.387684;-0.056336;-0.955296;0.153444;-0.246357;0.119814;1.357957;0.368743;-0.914900;-0.142433;0.355155;0.128591;0.129453;1.305098;0.344255;-0.816958;0.422198;0.282764;0.272714;0.090985;1.350848;0.398439;-0.525521;-0.763622;0.341192;-0.155874;0.098704;1.320743;0.366565;-0.056336;-0.955296;0.153444;-0.246357;0.132090;1.318910;0.346037;-0.816958;0.422198;0.282764;0.272714;0.112297;1.306130;0.390762;0.071640;-0.899479;0.324796;-0.283398;0.141249;1.330463;0.391096;-0.823349;-0.282126;0.463954;0.165070;0.145890;1.298785;0.359962;-0.781803;0.296929;0.251477;0.487213;0.115490;1.321105;0.403426;-0.409478;-0.799181;0.424253;-0.116825;0.123430;1.304170;0.372497;0.071640;-0.899479;0.324796;-0.283398;2023/05/01 13:57:27.1853;0.100704;1.313857;0.387553;0.076545;-0.926727;0.232660;-0.284933;0.131700;1.346404;0.380539;-0.880596;-0.236462;0.386622;0.138418;0.142595;1.302632;0.353089;-0.816958;0.422198;0.282764;0.272714;0.103228;1.334600;0.403017;-0.427878;-0.809265;0.377513;-0.139623;0.113693;1.312574;0.367592;0.076545;-0.926727;0.232660;-0.284933;6e526951-250e-4037-8505-3204f70e406b;0.072938;1.351698;0.364263;-0.823449;0.352334;-0.012809;-0.444555;0.104202;1.305038;0.335446;-0.669389;0.595969;0.092819;-0.433734;0.083806;1.327854;0.344110;-0.822922;0.441722;0.008002;-0.357236;0.065561;1.366763;0.381548;-0.823449;0.352334;-0.012809;-0.444555;1036;0.144366;1.279863;0.323332;-0.816958;0.422198;0.282764;0.272714
NA;197963;94;0.069653;1.493290;0.086422;0.997689;0.048602;-0.032877;0.034270;0.076314;1.372757;0.408810;-0.939130;-0.096214;0.292708;0.151988;0.109569;1.362465;0.359651;-0.936658;0.096539;0.290696;0.169843;0.121191;1.310566;0.337883;-0.820212;0.424865;0.260347;0.281002;0.090581;1.372839;0.389791;-0.936769;-0.051712;0.312032;0.149752;0.064102;1.371589;0.426954;-0.939130;-0.096214;0.292708;0.151988;0.095464;1.328454;0.390628;-0.053841;-0.957164;0.169551;-0.228452;0.127903;1.359305;0.371124;-0.917321;-0.141727;0.341034;0.148764;0.135025;1.306555;0.345574;-0.820212;0.424865;0.260347;0.281002;0.099858;1.352646;0.401662;-0.527156;-0.764862;0.345981;-0.131871;0.105563;1.322912;0.369063;-0.053841;-0.957164;0.169551;-0.228452;0.138158;1.320249;0.347449;-0.820212;0.424865;0.260347;0.281002;0.119340;1.307431;0.392707;0.066806;-0.898038;0.343753;-0.266269;0.149154;1.330789;0.392345;-0.826174;-0.277510;0.453149;0.187297;0.151745;1.299476;0.360610;-0.780139;0.302930;0.230024;0.496694;0.123528;1.322110;0.405426;-0.414053;-0.796059;0.431690;-0.092164;0.129739;1.305338;0.374029;0.066806;-0.898038;0.343753;-0.266269;2023/05/01 13:57:27.1965;0.107970;1.315612;0.389987;0.074947;-0.926790;0.251118;-0.269040;0.139788;1.347192;0.382347;-0.882967;-0.233476;0.374561;0.159884;0.148353;1.303535;0.353907;-0.820212;0.424865;0.260347;0.281002;0.111707;1.336033;0.405632;-0.430786;-0.808061;0.384673;-0.116139;0.120248;1.314218;0.369587;0.074947;-0.926790;0.251118;-0.269040;6e526951-250e-4037-8505-3204f70e406b;0.080713;1.354560;0.368240;-0.832852;0.337224;-0.029517;-0.437911;0.109506;1.307430;0.337640;-0.682344;0.584126;0.075214;-0.433066;0.090150;1.330712;0.347382;-0.831552;0.429443;-0.010204;-0.352131;0.074441;1.369551;0.386018;-0.832852;0.337224;-0.029517;-0.437911;1047;0.148412;1.281194;0.323775;-0.820212;0.424865;0.260347;0.281002
NA;197964;95;0.069396;1.493281;0.086484;0.997638;0.048696;-0.033627;0.034865;0.085765;1.374447;0.412828;-0.940093;-0.100886;0.277944;0.169689;0.117145;1.364241;0.362450;-0.939434;0.094319;0.272544;0.185168;0.126471;1.312339;0.339621;-0.822875;0.427162;0.238797;0.288767;0.099441;1.374561;0.393381;-0.938636;-0.055361;0.296554;0.167193;0.074075;1.373177;0.431306;-0.940093;-0.100886;0.277944;0.169689;0.102975;1.330220;0.393352;-0.051318;-0.958408;0.184910;-0.211257;0.135721;1.360349;0.373291;-0.919098;-0.141025;0.327340;0.167986;0.140413;1.307796;0.346808;-0.822875;0.427162;0.238797;0.288767;0.108463;1.354081;0.404615;-0.528385;-0.765627;0.350401;-0.108831;0.112237;1.324779;0.371389;-0.051318;-0.958408;0.184910;-0.211257;0.144017;1.321362;0.348753;-0.822875;0.427162;0.238797;0.288767;0.126143;1.308469;0.394498;0.061984;-0.896121;0.361691;-0.249609;0.156730;1.330881;0.393423;-0.828392;-0.272932;0.442520;0.208449;0.157358;1.299987;0.361182;-0.778127;0.308476;0.209406;0.505479;0.131277;1.322836;0.407228;-0.418322;-0.792511;0.438468;-0.068403;0.135816;1.306274;0.375446;0.061984;-0.896121;0.361691;-0.249609;2023/05/01 13:57:27.2076;0.115020;1.317072;0.392240;0.073365;-0.926337;0.268602;-0.253712;0.147569;1.347711;0.383961;-0.884752;-0.230439;0.362782;0.180284;0.153887;1.304248;0.354648;-0.822875;0.427162;0.238797;0.288767;0.119911;1.337146;0.408016;-0.433371;-0.806433;0.391267;-0.093625;0.126603;1.315598;0.371444;0.073365;-0.926337;0.268602;-0.253712;6e526951-250e-4037-8505-3204f70e406b;0.088328;1.357033;0.371965;-0.841365;0.322477;-0.045473;-0.431330;0.114696;1.309556;0.339732;-0.694371;0.572387;0.058378;-0.432220;0.096380;1.333234;0.350480;-0.839322;0.417478;-0.027555;-0.347121;0.083127;1.371909;0.390180;-0.841365;0.322477;-0.045473;-0.431330;1058;0.152314;1.282375;0.324216;-0.822875;0.427162;0.238797;0.288767
NA;197965;96;0.069167;1.493211;0.086572;0.997586;0.048762;-0.034438;0.035485;0.101234;1.372368;0.424081;-0.940923;-0.112208;0.251879;0.196549;0.129601;1.363283;0.371747;-0.944169;0.083673;0.242238;0.207038;0.135588;1.312023;0.346487;-0.831144;0.422734;0.202831;0.298925;0.113915;1.372867;0.403976;-0.940998;-0.066548;0.269725;0.193244;0.090444;1.370691;0.443066;-0.940923;-0.112208;0.251879;0.196549;0.115588;1.328725;0.402167;-0.044306;-0.960268;0.208089;-0.180614;0.148529;1.358220;0.381435;-0.920969;-0.146517;0.302418;0.197211;0.149685;1.306647;0.352742;-0.831144;0.422734;0.202831;0.298925;0.122710;1.351896;0.413944;-0.525881;-0.770028;0.354333;-0.070390;0.123403;1.323684;0.379555;-0.044306;-0.960268;0.208089;-0.180614;0.153934;1.319975;0.354996;-0.831144;0.422734;0.202831;0.298925;0.137828;1.306013;0.401237;0.061742;-0.893315;0.387819;-0.218570;0.169295;1.327145;0.399270;-0.830166;-0.273152;0.421435;0.242086;0.166992;1.297598;0.365864;-0.778900;0.310059;0.172699;0.517062;0.144292;1.319648;0.414163;-0.416985;-0.791907;0.445161;-0.028975;0.146292;1.304093;0.381588;0.061742;-0.893315;0.387819;-0.218570;2023/05/01 13:57:27.2188;0.126944;1.315208;0.400045;0.075235;-0.925477;0.295879;-0.224250;0.160371;1.344698;0.390965;-0.886083;-0.232749;0.339850;0.212574;0.163372;1.302257;0.359692;-0.831144;0.422734;0.202831;0.298925;0.133620;1.334475;0.416168;-0.432339;-0.807039;0.398515;-0.054372;0.137255;1.313937;0.378576;0.075235;-0.925477;0.295879;-0.224250;6e526951-250e-4037-8505-3204f70e406b;0.101069;1.356691;0.382705;-0.854178;0.292826;-0.065237;-0.424709;0.123733;1.309696;0.347140;-0.715645;0.546853;0.037305;-0.432912;0.106975;1.333563;0.359835;-0.853531;0.389134;-0.051552;-0.342642;0.097413;1.370978;0.401748;-0.854178;0.292826;-0.065237;-0.424709;1069;0.159339;1.281729;0.328558;-0.831144;0.422734;0.202831;0.298925
NA;197966;97;0.068906;1.493226;0.086646;0.997532;0.048911;-0.035221;0.036016;0.111234;1.374217;0.423279;-0.940167;-0.106915;0.245491;0.210690;0.138320;1.364115;0.370471;-0.942978;0.091463;0.232300;0.220143;0.142367;1.312587;0.345369;-0.827461;0.430315;0.189989;0.306662;0.123559;1.374310;0.402948;-0.940527;-0.059894;0.262405;0.207280;0.100723;1.372843;0.442444;-0.940167;-0.106915;0.245491;0.210690;0.123937;1.330133;0.401202;-0.047675;-0.958837;0.220183;-0.172855;0.157264;1.358549;0.379847;-0.920996;-0.138306;0.296703;0.211199;0.156411;1.306832;0.351401;-0.827461;0.430315;0.189989;0.306662;0.131860;1.353114;0.412840;-0.529883;-0.765494;0.360468;-0.057491;0.131286;1.324919;0.378474;-0.047675;-0.958837;0.220183;-0.172855;0.161085;1.320040;0.353514;-0.827461;0.430315;0.189989;0.306662;0.145390;1.306808;0.400190;0.051974;-0.889615;0.400999;-0.212329;0.177438;1.326967;0.397471;-0.831356;-0.261611;0.418320;0.255765;0.173683;1.297345;0.364263;-0.772070;0.319038;0.162495;0.525088;0.152514;1.320325;0.412892;-0.424389;-0.783888;0.452925;-0.016534;0.153422;1.304516;0.380400;0.051974;-0.889615;0.400999;-0.212329;2023/05/01 13:57:27.2296;0.134768;1.316305;0.399113;0.066620;-0.923230;0.309594;-0.217623;0.168878;1.344733;0.389235;-0.886631;-0.223082;0.335605;0.226913;0.170089;1.302078;0.358133;-0.827461;0.430315;0.189989;0.306662;0.142313;1.335452;0.414993;-0.439117;-0.800247;0.406266;-0.041573;0.144638;1.314616;0.377466;0.066620;-0.923230;0.309594;-0.217623;6e526951-250e-4037-8505-3204f70e406b;0.109846;1.358512;0.381861;-0.857922;0.293858;-0.077138;-0.414328;0.130462;1.310609;0.346241;-0.720848;0.545745;0.021328;-0.426715;0.114670;1.335055;0.359072;-0.856734;0.388587;-0.065726;-0.332699;0.106835;1.373102;0.400787;-0.857922;0.293858;-0.077138;-0.414328;1080;0.164907;1.281532;0.327181;-0.827461;0.430315;0.189989;0.306662
NA;197967;98;0.068783;1.493189;0.086702;0.997470;0.049006;-0.036142;0.036687;0.121047;1.375796;0.422623;-0.939159;-0.102255;0.238889;0.224625;0.146814;1.364787;0.369354;-0.941617;0.098678;0.222099;0.233008;0.148951;1.313078;0.344388;-0.823896;0.437273;0.177033;0.314080;0.133001;1.375522;0.402073;-0.939825;-0.053816;0.254827;0.221123;0.110827;1.374687;0.441962;-0.939159;-0.102255;0.238889;0.224625;0.132114;1.331342;0.400348;-0.050092;-0.957318;0.231914;-0.165076;0.165759;1.358721;0.378411;-0.920757;-0.130767;0.290697;0.224949;0.162933;1.306949;0.350192;-0.823896;0.437273;0.177033;0.314080;0.140808;1.354101;0.411871;-0.533121;-0.761335;0.366276;-0.044632;0.139006;1.326013;0.377503;-0.050092;-0.957318;0.231914;-0.165076;0.168017;1.320026;0.352171;-0.823896;0.437273;0.177033;0.314080;0.152779;1.307449;0.399258;0.042813;-0.885779;0.413789;-0.205769;0.185348;1.326644;0.395799;-0.832256;-0.250615;0.414778;0.269261;0.180161;1.297022;0.362785;-0.765393;0.327480;0.152030;0.532745;0.160544;1.320820;0.411736;-0.431253;-0.776027;0.460204;-0.003957;0.160367;1.304826;0.379335;0.042813;-0.885779;0.413789;-0.205769;2023/05/01 13:57:27.2417;0.142424;1.317230;0.398291;0.058749;-0.920794;0.322916;-0.210743;0.177146;1.344615;0.387646;-0.886864;-0.214053;0.331017;0.241001;0.176592;1.301833;0.356701;-0.823896;0.437273;0.177033;0.314080;0.150812;1.336218;0.413939;-0.445207;-0.793682;0.413564;-0.028716;0.151843;1.315175;0.376476;0.058749;-0.920794;0.322916;-0.210743;6e526951-250e-4037-8505-3204f70e406b;0.118439;1.360149;0.381153;-0.861362;0.294560;-0.088799;-0.404234;0.137012;1.311442;0.345477;-0.725946;0.544107;0.005685;-0.420616;0.122191;1.336416;0.358448;-0.859700;0.387633;-0.079610;-0.322984;0.116069;1.375008;0.399960;-0.861362;0.294560;-0.088799;-0.404234;1092;0.170275;1.281331;0.325931;-0.823896;0.437273;0.177033;0.314080
NA;197968;99;0.068722;1.493057;0.086765;0.997415;0.049088;-0.037049;0.037173;0.134701;1.375473;0.429548;-0.939366;-0.103885;0.223279;0.238635;0.158357;1.364531;0.375307;-0.942903;0.099916;0.203160;0.244289;0.158373;1.313060;0.349755;-0.825118;0.440517;0.156035;0.317455;0.145953;1.375204;0.408606;-0.940866;-0.053457;0.238165;0.234926;0.125070;1.374259;0.449181;-0.939366;-0.103885;0.223279;0.238635;0.143875;1.331192;0.406576;-0.053294;-0.957157;0.244356;-0.145945;0.177444;1.357914;0.383652;-0.922215;-0.127105;0.274958;0.240338;0.172384;1.306531;0.355023;-0.825118;0.440517;0.156035;0.317455;0.153582;1.353620;0.417939;-0.537308;-0.759156;0.366721;-0.022321;0.149777;1.325849;0.383460;-0.053294;-0.957157;0.244356;-0.145945;0.177862;1.319454;0.356976;-0.825118;0.440517;0.156035;0.317455;0.163885;1.306808;0.404534;0.034975;-0.883679;0.427485;-0.187469;0.196823;1.325193;0.400047;-0.834846;-0.244206;0.401617;0.286531;0.189793;1.296053;0.366945;-0.762989;0.334472;0.132265;0.537105;0.172465;1.319856;0.416820;-0.436461;-0.771572;0.462435;0.018222;0.170613;1.304129;0.384312;0.034975;-0.883679;0.427485;-0.187469;2023/05/01 13:57:27.2518;0.153774;1.316865;0.404014;0.054371;-0.919899;0.336712;-0.193534;0.188790;1.343442;0.392354;-0.888530;-0.209246;0.316702;0.257743;0.186138;1.301013;0.361033;-0.825118;0.440517;0.156035;0.317455;0.163206;1.335485;0.419509;-0.449345;-0.790629;0.415870;-0.006893;0.162353;1.314775;0.381858;0.054371;-0.919899;0.336712;-0.193534;6e526951-250e-4037-8505-3204f70e406b;0.130249;1.360600;0.387807;-0.865054;0.286651;-0.103301;-0.398551;0.146437;1.311712;0.351208;-0.733619;0.534371;-0.011189;-0.419673;0.132693;1.336948;0.364841;-0.863766;0.378551;-0.096663;-0.318221;0.128733;1.375445;0.406714;-0.865054;0.286651;-0.103301;-0.398551;1103;0.178279;1.280994;0.330300;-0.825118;0.440517;0.156035;0.317455
NA;197969;100;0.068502;1.493093;0.086834;0.997371;0.049567;-0.037664;0.037102;0.143974;1.375163;0.436148;-0.939195;-0.107026;0.210531;0.249269;0.166032;1.364641;0.381167;-0.944011;0.098226;0.188161;0.252566;0.164564;1.313484;0.355020;-0.826879;0.441182;0.140286;0.319296;0.154693;1.375048;0.414927;-0.941372;-0.055997;0.224865;0.245191;0.134807;1.373768;0.455991;-0.939195;-0.107026;0.210531;0.249269;0.151787;1.331232;0.412519;-0.054289;-0.957039;0.252828;-0.131180;0.185216;1.357629;0.388952;-0.923030;-0.126287;0.262641;0.251172;0.178586;1.306669;0.359869;-0.826879;0.441182;0.140286;0.319296;0.162191;1.353379;0.423812;-0.538925;-0.758597;0.366139;-0.005667;0.156947;1.325968;0.389207;-0.054289;-0.957039;0.252828;-0.131180;0.184338;1.319469;0.361859;-0.826879;0.441182;0.140286;0.319296;0.171325;1.306522;0.409699;0.030288;-0.882299;0.436603;-0.173233;0.204471;1.324422;0.404494;-0.836403;-0.241286;0.391270;0.298528;0.196138;1.295771;0.371268;-0.762114;0.338086;0.116943;0.539633;0.180472;1.319313;0.421846;-0.439476;-0.768989;0.462937;0.034746;0.177409;1.303879;0.389269;0.030288;-0.882299;0.436603;-0.173233;2023/05/01 13:57:27.2635;0.161369;1.316770;0.409581;0.051331;-0.919280;0.346431;-0.179654;0.196542;1.342882;0.397206;-0.889445;-0.207353;0.305409;0.269478;0.192416;1.300855;0.365505;-0.826879;0.441182;0.140286;0.319296;0.171554;1.335090;0.424957;-0.451829;-0.788820;0.416555;0.009736;0.169278;1.314701;0.387175;0.051331;-0.919280;0.346431;-0.179654;6e526951-250e-4037-8505-3204f70e406b;0.138060;1.361199;0.394029;-0.867442;0.281015;-0.112034;-0.394998;0.152639;1.312326;0.356714;-0.739468;0.526516;-0.021910;-0.418913;0.139639;1.337677;0.370855;-0.866733;0.371413;-0.107469;-0.315083;0.137078;1.375997;0.413007;-0.867442;0.281015;-0.112034;-0.394998;1114;0.183461;1.281310;0.334767;-0.826879;0.441182;0.140286;0.319296
NA;197970;101;0.068467;1.493034;0.086881;0.997314;0.050066;-0.038371;0.037226;0.153162;1.374767;0.442315;-0.938652;-0.109938;0.197952;0.260118;0.173628;1.364682;0.386652;-0.944728;0.096584;0.173277;0.261029;0.170657;1.313863;0.359964;-0.828275;0.441822;0.124648;0.321273;0.163351;1.374809;0.420834;-0.941490;-0.058432;0.211733;0.255640;0.144454;1.373194;0.462350;-0.938652;-0.109938;0.197952;0.260118;0.159597;1.331209;0.418080;-0.055379;-0.956583;0.261321;-0.116588;0.192880;1.357276;0.393880;-0.923519;-0.125341;0.250512;0.262005;0.184670;1.306762;0.364400;-0.828275;0.441822;0.124648;0.321273;0.170691;1.353066;0.429283;-0.540412;-0.757713;0.365663;0.010845;0.164019;1.326032;0.394598;-0.055379;-0.956583;0.261321;-0.116588;0.190701;1.319433;0.366418;-0.828275;0.441822;0.124648;0.321273;0.178630;1.306181;0.414510;0.025506;-0.880590;0.445599;-0.159224;0.211965;1.323593;0.408586;-0.837649;-0.238214;0.381129;0.310385;0.202339;1.295446;0.375279;-0.760874;0.341640;0.101778;0.542213;0.188333;1.318710;0.426497;-0.442446;-0.766050;0.463468;0.051047;0.184074;1.303577;0.393896;0.025506;-0.880590;0.445599;-0.159224;2023/05/01 13:57:27.2742;0.168846;1.316616;0.414785;0.048077;-0.918337;0.356106;-0.165932;0.204163;1.342257;0.401693;-0.890049;-0.205315;0.294319;0.281132;0.198559;1.300651;0.369665;-0.828275;0.441822;0.124648;0.321273;0.179773;1.334628;0.430016;-0.454279;-0.786647;0.417292;0.026190;0.176084;1.314569;0.392152;0.048077;-0.918337;0.356106;-0.165932;6e526951-250e-4037-8505-3204f70e406b;0.145788;1.361749;0.399857;-0.869724;0.275678;-0.120670;-0.391179;0.158749;1.312899;0.361894;-0.745117;0.518842;-0.032618;-0.417780;0.146507;1.338358;0.376508;-0.869509;0.364539;-0.118142;-0.311620;0.145335;1.376503;0.418890;-0.869724;0.275678;-0.120670;-0.391179;1124;0.188523;1.281591;0.338957;-0.828275;0.441822;0.124648;0.321273
NA;197971;102;0.068143;1.493050;0.086915;0.997269;0.050586;-0.039059;0.037007;0.165997;1.374783;0.444160;-0.938151;-0.105566;0.183772;0.273784;0.184338;1.364343;0.387832;-0.944168;0.102202;0.155898;0.271656;0.179218;1.313687;0.361144;-0.826512;0.447895;0.105268;0.324325;0.175475;1.374646;0.422356;-0.941450;-0.053043;0.196587;0.268723;0.157892;1.373322;0.464454;-0.938151;-0.105566;0.183772;0.273784;0.170520;1.331201;0.419715;-0.061088;-0.955011;0.272588;-0.099589;0.203627;1.356447;0.394414;-0.924142;-0.118128;0.236425;0.275883;0.193177;1.306225;0.365120;-0.826512;0.447895;0.105268;0.324325;0.182540;1.352756;0.430541;-0.546080;-0.752872;0.366116;0.030639;0.174010;1.325933;0.396096;-0.061088;-0.955011;0.272588;-0.099589;0.199608;1.318725;0.366994;-0.826512;0.447895;0.105268;0.324325;0.188799;1.305732;0.415522;0.015729;-0.877368;0.457360;-0.144223;0.222342;1.322272;0.408445;-0.840039;-0.227810;0.369591;0.325331;0.210930;1.294439;0.375439;-0.755927;0.351135;0.084579;0.546009;0.199227;1.317997;0.427168;-0.449495;-0.759105;0.465642;0.069946;0.193455;1.302998;0.394732;0.015729;-0.877368;0.457360;-0.144223;2023/05/01 13:57:27.2853;0.179294;1.316390;0.416093;0.040690;-0.916373;0.368520;-0.150989;0.214784;1.341137;0.401834;-0.891151;-0.197155;0.281713;0.296002;0.207099;1.299748;0.369959;-0.826512;0.447895;0.105268;0.324325;0.191178;1.334095;0.430962;-0.460391;-0.781005;0.419541;0.045354;0.185722;1.314202;0.393230;0.040690;-0.916373;0.368520;-0.150989;6e526951-250e-4037-8505-3204f70e406b;0.156811;1.362192;0.401700;-0.873136;0.268014;-0.137068;-0.383426;0.167348;1.313035;0.363410;-0.749759;0.512724;-0.050275;-0.415269;0.156202;1.338817;0.378332;-0.871961;0.357922;-0.135837;-0.305164;0.157317;1.376935;0.420740;-0.873136;0.268014;-0.137068;-0.383426;1136;0.195589;1.281003;0.339575;-0.826512;0.447895;0.105268;0.324325
NA;197972;103;0.068110;1.492982;0.087003;0.997219;0.050972;-0.039665;0.037193;0.173657;1.374103;0.446078;-0.938641;-0.100103;0.179446;0.277004;0.191169;1.363045;0.389618;-0.943634;0.109131;0.150267;0.273980;0.185286;1.312089;0.363661;-0.822993;0.456092;0.099875;0.323556;0.182865;1.373742;0.424161;-0.941873;-0.047309;0.191964;0.271639;0.165786;1.372834;0.466477;-0.938641;-0.100103;0.179446;0.277004;0.177561;1.330459;0.422155;-0.070011;-0.954171;0.275302;-0.094159;0.210490;1.355090;0.396032;-0.925515;-0.108875;0.231970;0.278854;0.199238;1.304570;0.367545;-0.822993;0.456092;0.099875;0.323556;0.189909;1.352060;0.432511;-0.553707;-0.747436;0.365324;0.035877;0.180659;1.324842;0.398563;-0.070011;-0.954171;0.275302;-0.094159;0.205800;1.317039;0.369181;-0.822993;0.456092;0.099875;0.323556;0.195565;1.304816;0.418127;0.004281;-0.876573;0.460309;-0.140415;0.229147;1.320963;0.410255;-0.843205;-0.217411;0.366299;0.327968;0.217059;1.292781;0.377790;-0.752072;0.360359;0.081534;0.545785;0.206297;1.317165;0.429402;-0.459022;-0.752830;0.465788;0.074745;0.199840;1.301714;0.397307;0.004281;-0.876573;0.460309;-0.140415;2023/05/01 13:57:27.2965;0.186158;1.315563;0.418678;0.030422;-0.916206;0.371675;-0.146626;0.221637;1.339796;0.403499;-0.893453;-0.187163;0.277724;0.299303;0.213190;1.298046;0.372293;-0.822993;0.456092;0.099875;0.323556;0.198432;1.333380;0.433089;-0.469322;-0.775329;0.419585;0.050501;0.192204;1.312986;0.395751;0.030422;-0.916206;0.371675;-0.146626;6e526951-250e-4037-8505-3204f70e406b;0.163804;1.361360;0.403769;-0.871613;0.272383;-0.145946;-0.380523;0.173438;1.311568;0.366077;-0.747365;0.515559;-0.060091;-0.414769;0.162693;1.337664;0.380745;-0.869889;0.361558;-0.145061;-0.302533;0.164629;1.376402;0.422563;-0.871613;0.272383;-0.145946;-0.380523;1147;0.201109;1.278987;0.342329;-0.822993;0.456092;0.099875;0.323556
NA;197973;104;0.068138;1.492945;0.087090;0.997188;0.051368;-0.040136;0.036979;0.181293;1.373345;0.447988;-0.938891;-0.095441;0.174850;0.280716;0.197963;1.361779;0.391391;-0.943036;0.115201;0.144300;0.276749;0.191279;1.310571;0.366125;-0.819559;0.463829;0.093968;0.323041;0.190231;1.372803;0.425963;-0.942094;-0.042535;0.187105;0.275030;0.173659;1.372236;0.468486;-0.938891;-0.095441;0.174850;0.280716;0.184566;1.329720;0.424529;-0.078249;-0.953193;0.278356;-0.088423;0.217310;1.353740;0.397622;-0.926638;-0.100121;0.227220;0.282291;0.205220;1.302980;0.369903;-0.819559;0.463829;0.093968;0.323041;0.197253;1.351335;0.434437;-0.560749;-0.742192;0.364663;0.041627;0.187263;1.323793;0.400963;-0.078249;-0.953193;0.278356;-0.088423;0.211916;1.315407;0.371307;-0.819559;0.463829;0.093968;0.323041;0.202272;1.303904;0.420647;-0.006835;-0.875490;0.463611;-0.136145;0.235891;1.319631;0.411988;-0.846063;-0.207319;0.362709;0.331118;0.223100;1.291162;0.380048;-0.748168;0.369207;0.077891;0.545770;0.213320;1.316307;0.431550;-0.468195;-0.746460;0.466009;0.080173;0.206152;1.300457;0.399803;-0.006835;-0.875490;0.463611;-0.136145;2023/05/01 13:57:27.3077;0.192974;1.314748;0.421194;0.020500;-0.915779;0.375252;-0.141829;0.228439;1.338444;0.405112;-0.895464;-0.177496;0.273416;0.303122;0.219195;1.296392;0.374544;-0.819559;0.463829;0.093968;0.323041;0.205654;1.332640;0.435153;-0.477860;-0.769605;0.419754;0.056264;0.198621;1.311805;0.398210;0.020500;-0.915779;0.375252;-0.141829;6e526951-250e-4037-8505-3204f70e406b;0.170781;1.360551;0.405848;-0.870179;0.276088;-0.154893;-0.377587;0.179459;1.310186;0.368698;-0.745359;0.517627;-0.070046;-0.414241;0.169141;1.336574;0.383148;-0.867999;0.364424;-0.154476;-0.299849;0.171942;1.375863;0.424403;-0.870179;0.276088;-0.154893;-0.377587;1158;0.206523;1.277075;0.344992;-0.819559;0.463829;0.093968;0.323041
NA;197974;105;0.068219;1.492878;0.087175;0.997162;0.051786;-0.040448;0.036736;0.188910;1.372523;0.449884;-0.938932;-0.091406;0.170047;0.284843;0.204726;1.360534;0.393147;-0.942368;0.120597;0.138066;0.279889;0.197212;1.309117;0.368542;-0.816183;0.471181;0.087641;0.322727;0.197576;1.371835;0.427756;-0.942140;-0.038503;0.182063;0.278826;0.181515;1.371547;0.470477;-0.938932;-0.091406;0.170047;0.284843;0.191542;1.328981;0.426841;-0.085939;-0.952088;0.281687;-0.082430;0.224092;1.352391;0.399182;-0.927544;-0.091768;0.222226;0.286106;0.211136;1.301442;0.372204;-0.816183;0.471181;0.087641;0.322727;0.204575;1.350582;0.436321;-0.567314;-0.737087;0.364105;0.047797;0.193830;1.322773;0.403305;-0.085939;-0.952088;0.281687;-0.082430;0.217970;1.313819;0.373382;-0.816183;0.471181;0.087641;0.322727;0.208932;1.302991;0.423093;-0.017672;-0.874149;0.467185;-0.131491;0.242581;1.318278;0.413656;-0.848652;-0.197475;0.358864;0.334680;0.229068;1.289572;0.382229;-0.744211;0.377739;0.073756;0.545915;0.220304;1.315424;0.433624;-0.477053;-0.739996;0.466275;0.086111;0.212404;1.299220;0.402233;-0.017672;-0.874149;0.467185;-0.131491;2023/05/01 13:57:27.3193;0.199752;1.313940;0.423648;0.010869;-0.915117;0.379159;-0.136678;0.235194;1.337079;0.406680;-0.897218;-0.168097;0.268843;0.307355;0.225127;1.294776;0.376725;-0.816183;0.471181;0.087641;0.322727;0.212849;1.331877;0.437157;-0.486056;-0.763828;0.420010;0.062523;0.204985;1.310650;0.400612;0.010869;-0.915117;0.379159;-0.136678;6e526951-250e-4037-8505-3204f70e406b;0.177748;1.359757;0.407926;-0.868809;0.279238;-0.163895;-0.374613;0.185424;1.308873;0.371277;-0.743656;0.519070;-0.080109;-0.413673;0.175555;1.335536;0.385535;-0.866247;0.366658;-0.164038;-0.297104;0.179256;1.375316;0.426250;-0.868809;0.279238;-0.163895;-0.374613;1170;0.211848;1.275247;0.347581;-0.816183;0.471181;0.087641;0.322727
NA;197975;106;0.068304;1.492807;0.087228;0.997146;0.052288;-0.040647;0.036243;0.197563;1.369261;0.452054;-0.935343;-0.104043;0.157808;0.299005;0.212097;1.358928;0.394666;-0.942261;0.108683;0.123100;0.291854;0.202732;1.308421;0.368840;-0.819389;0.464528;0.068112;0.328902;0.205843;1.369193;0.429767;-0.939668;-0.051250;0.169358;0.292771;0.190494;1.367698;0.472724;-0.935343;-0.104043;0.157808;0.299005;0.198892;1.326849;0.427812;-0.077014;-0.950433;0.293713;-0.066928;0.231376;1.350140;0.400036;-0.925056;-0.097595;0.208834;0.301887;0.216532;1.300302;0.371975;-0.819389;0.464528;0.068112;0.328902;0.212676;1.347852;0.437567;-0.560707;-0.739458;0.366294;0.068104;0.200508;1.321240;0.404070;-0.077014;-0.950433;0.293713;-0.066928;0.223705;1.312466;0.373338;-0.819389;0.464528;0.068112;0.328902;0.215494;1.300538;0.422974;-0.013267;-0.869515;0.480343;-0.114184;0.249302;1.315187;0.413150;-0.845570;-0.200243;0.346646;0.353200;0.234371;1.287713;0.381266;-0.743173;0.374417;0.053136;0.551979;0.227433;1.312369;0.433570;-0.470942;-0.739284;0.469159;0.107533;0.218358;1.297251;0.401941;-0.013267;-0.869515;0.480343;-0.114184;2023/05/01 13:57:27.3305;0.206618;1.311723;0.424087;0.016297;-0.911331;0.393286;-0.120569;0.242246;1.334353;0.406859;-0.893961;-0.172431;0.256004;0.324906;0.230445;1.293165;0.375997;-0.819389;0.464528;0.068112;0.328902;0.220511;1.328939;0.437738;-0.480008;-0.763745;0.423399;0.083777;0.211198;1.308905;0.400850;0.016297;-0.911331;0.393286;-0.120569;6e526951-250e-4037-8505-3204f70e406b;0.185358;1.358369;0.410068;-0.875296;0.260686;-0.171365;-0.369505;0.191004;1.308396;0.371830;-0.754989;0.502823;-0.088552;-0.411484;0.182095;1.334863;0.387054;-0.873058;0.348953;-0.173646;-0.293000;0.187639;1.373353;0.428787;-0.875296;0.260686;-0.171365;-0.369505;1181;0.216035;1.274792;0.346640;-0.819389;0.464528;0.068112;0.328902
NA;197976;107;0.068410;1.492735;0.087266;0.997133;0.052847;-0.040745;0.035684;0.206018;1.365992;0.454003;-0.931430;-0.115888;0.146241;0.312447;0.219364;1.357262;0.396078;-0.941655;0.097456;0.108880;0.303206;0.208207;1.307671;0.369210;-0.821833;0.458486;0.049365;0.334581;0.213948;1.366521;0.431596;-0.936799;-0.063286;0.157361;0.306007;0.199244;1.363870;0.474723;-0.931430;-0.115888;0.146241;0.312447;0.206131;1.324733;0.428729;-0.068970;-0.948399;0.305077;-0.052057;0.238532;1.347879;0.400799;-0.922374;-0.102493;0.195868;0.316793;0.221868;1.299145;0.371835;-0.821833;0.458486;0.049365;0.334581;0.220632;1.345150;0.438688;-0.554606;-0.741082;0.368184;0.087470;0.207107;1.319695;0.404825;-0.068970;-0.948399;0.305077;-0.052057;0.229366;1.311094;0.373344;-0.821833;0.458486;0.049365;0.334581;0.221940;1.298154;0.422881;-0.009649;-0.864654;0.492710;-0.097561;0.255871;1.312182;0.412636;-0.842388;-0.202234;0.334758;0.370702;0.239589;1.285898;0.380413;-0.741622;0.371608;0.033499;0.557479;0.234416;1.309402;0.433494;-0.465356;-0.737945;0.471704;0.127970;0.224219;1.295327;0.401711;-0.009649;-0.864654;0.492710;-0.097561;2023/05/01 13:57:27.3417;0.213377;1.309547;0.424524;0.020804;-0.907301;0.406626;-0.105016;0.249155;1.331667;0.406983;-0.890585;-0.175853;0.243503;0.341527;0.235686;1.291575;0.375369;-0.821833;0.458486;0.049365;0.334581;0.228027;1.326063;0.438248;-0.474555;-0.762978;0.426408;0.104111;0.217324;1.307174;0.401123;0.020804;-0.907301;0.406626;-0.105016;6e526951-250e-4037-8505-3204f70e406b;0.192877;1.356899;0.412107;-0.880951;0.243112;-0.178823;-0.364478;0.196549;1.307852;0.372455;-0.765270;0.487250;-0.096965;-0.409326;0.188582;1.334096;0.388561;-0.878988;0.332168;-0.183111;-0.288989;0.195900;1.371322;0.431159;-0.880951;0.243112;-0.178823;-0.364478;1192;0.220200;1.274310;0.345888;-0.821833;0.458486;0.049365;0.334581
NA;197977;108;0.068547;1.492674;0.087311;0.997126;0.053474;-0.040592;0.035111;0.206693;1.363680;0.453038;-0.927662;-0.143612;0.152764;0.309003;0.220831;1.356483;0.395238;-0.942173;0.088380;0.109722;0.304072;0.209112;1.306830;0.368723;-0.819580;0.462232;0.045421;0.335512;0.215154;1.365137;0.430867;-0.934669;-0.085701;0.162461;0.304394;0.199303;1.360508;0.473410;-0.927662;-0.143612;0.152764;0.309003;0.207700;1.324300;0.428189;-0.071850;-0.947575;0.307343;-0.049804;0.239970;1.346991;0.399859;-0.922556;-0.096704;0.193378;0.319599;0.222731;1.298221;0.371290;-0.819580;0.462232;0.045421;0.335512;0.222391;1.344689;0.437927;-0.557794;-0.738038;0.368719;0.090622;0.208514;1.319162;0.404300;-0.071850;-0.947575;0.307343;-0.049804;0.230329;1.310122;0.372681;-0.819580;0.462232;0.045421;0.335512;0.223231;1.297569;0.422349;-0.012384;-0.863001;0.495939;-0.095501;0.257152;1.311238;0.411756;-0.842796;-0.196985;0.332407;0.374697;0.240431;1.284893;0.379808;-0.738763;0.375961;0.030789;0.558511;0.235878;1.308746;0.432835;-0.467699;-0.734817;0.473179;0.131923;0.225363;1.294681;0.401171;-0.012384;-0.863001;0.495939;-0.095501;2023/05/01 13:57:27.3529;0.214764;1.309079;0.424141;0.015364;-0.906130;0.410244;-0.101942;0.250528;1.330738;0.406049;-0.891060;-0.169433;0.240606;0.345563;0.236528;1.290570;0.374764;-0.819580;0.462232;0.045421;0.335512;0.229704;1.325563;0.437590;-0.479077;-0.758835;0.427595;0.108708;0.218458;1.306520;0.400718;0.015364;-0.906130;0.410244;-0.101942;6e526951-250e-4037-8505-3204f70e406b;0.194392;1.356405;0.411455;-0.880480;0.244760;-0.183248;-0.362308;0.197479;1.307114;0.372050;-0.764953;0.487526;-0.102316;-0.408286;0.189795;1.333495;0.388070;-0.878301;0.333139;-0.187951;-0.286845;0.197596;1.370947;0.430386;-0.880480;0.244760;-0.183248;-0.362308;1203;0.220689;1.273253;0.345502;-0.819580;0.462232;0.045421;0.335512
NA;197978;109;0.068718;1.492645;0.087398;0.997136;0.053717;-0.040336;0.034750;0.207758;1.361234;0.452185;-0.922740;-0.172620;0.159223;0.305616;0.222682;1.355670;0.394568;-0.942595;0.078590;0.110236;0.305264;0.210343;1.305991;0.368383;-0.817372;0.465786;0.040818;0.336572;0.216752;1.363664;0.430311;-0.931785;-0.109287;0.167450;0.302976;0.199752;1.356970;0.472120;-0.922740;-0.172620;0.159223;0.305616;0.209662;1.323818;0.427799;-0.074421;-0.946675;0.309925;-0.047050;0.241786;1.346050;0.399068;-0.922622;-0.091059;0.190399;0.322840;0.223914;1.297287;0.370874;-0.817372;0.465786;0.040818;0.336572;0.224563;1.344157;0.437320;-0.560764;-0.735042;0.369248;0.094406;0.210293;1.318603;0.403921;-0.074421;-0.946675;0.309925;-0.047050;0.231621;1.309132;0.372148;-0.817372;0.465786;0.040818;0.336572;0.224887;1.296930;0.421937;-0.014929;-0.861165;0.499541;-0.092907;0.258794;1.310220;0.410982;-0.843056;-0.191802;0.329606;0.379247;0.241589;1.283858;0.379306;-0.735825;0.380247;0.027399;0.559663;0.237720;1.308014;0.432293;-0.469833;-0.731623;0.474696;0.136560;0.226855;1.293999;0.400749;-0.014929;-0.861165;0.499541;-0.092907;2023/05/01 13:57:27.3636;0.216532;1.308564;0.423895;0.010078;-0.904784;0.414246;-0.098315;0.252271;1.329744;0.405241;-0.891375;-0.163105;0.237224;0.350103;0.237686;1.289542;0.374270;-0.817372;0.465786;0.040818;0.336572;0.231781;1.324989;0.437066;-0.483408;-0.754619;0.428804;0.113994;0.219949;1.305837;0.400449;0.010078;-0.904784;0.414246;-0.098315;6e526951-250e-4037-8505-3204f70e406b;0.196308;1.355882;0.411001;-0.880124;0.245806;-0.187997;-0.360025;0.198739;1.306385;0.371801;-0.764930;0.487219;-0.108011;-0.407228;0.191373;1.332891;0.387765;-0.877744;0.333529;-0.193175;-0.284618;0.199720;1.370524;0.429818;-0.880124;0.245806;-0.187997;-0.360025;1214;0.221456;1.272214;0.345229;-0.817372;0.465786;0.040818;0.336572
NA;197979;110;0.068901;1.492642;0.087502;0.997156;0.053832;-0.040018;0.034349;0.210327;1.360288;0.450393;-0.917343;-0.197226;0.166187;0.303258;0.225902;1.355860;0.393023;-0.942247;0.072617;0.110942;0.307553;0.212738;1.306032;0.367532;-0.813041;0.472364;0.035859;0.338454;0.219802;1.363469;0.428821;-0.928497;-0.128363;0.172770;0.302600;0.201752;1.355137;0.469878;-0.917343;-0.197226;0.166187;0.303258;0.212904;1.324549;0.426727;-0.081249;-0.944806;0.314368;-0.043735;0.244944;1.346078;0.397433;-0.922333;-0.082843;0.187890;0.327317;0.226238;1.297205;0.369981;-0.813041;0.472364;0.035859;0.338454;0.228112;1.344826;0.435885;-0.565950;-0.729582;0.370965;0.098971;0.213247;1.319073;0.402902;-0.081249;-0.944806;0.314368;-0.043735;0.234089;1.308976;0.371041;-0.813041;0.472364;0.035859;0.338454;0.227773;1.297457;0.420991;-0.021201;-0.858522;0.504188;-0.091024;0.261678;1.310196;0.409576;-0.843435;-0.183339;0.327859;0.384075;0.243850;1.283674;0.378381;-0.730668;0.387456;0.024602;0.561602;0.240825;1.308470;0.431148;-0.473983;-0.726329;0.477517;0.140584;0.229517;1.294332;0.399812;-0.021201;-0.858522;0.504188;-0.091024;2023/05/01 13:57:27.3748;0.219556;1.309246;0.423050;0.000975;-0.902752;0.419531;-0.095030;0.255312;1.329727;0.403682;-0.891615;-0.153747;0.234675;0.355404;0.239957;1.289345;0.373322;-0.813041;0.472364;0.035859;0.338454;0.235179;1.325631;0.435825;-0.489976;-0.748155;0.431244;0.119234;0.222626;1.306180;0.399598;0.000975;-0.902752;0.419531;-0.095030;6e526951-250e-4037-8505-3204f70e406b;0.199679;1.356547;0.409733;-0.879379;0.248816;-0.195451;-0.355785;0.201176;1.306595;0.371065;-0.763865;0.488726;-0.116830;-0.404980;0.194262;1.333353;0.386809;-0.876378;0.335945;-0.201026;-0.280522;0.203403;1.371392;0.428331;-0.879379;0.248816;-0.195451;-0.355785;1225;0.223233;1.271874;0.344649;-0.813041;0.472364;0.035859;0.338454
NA;197980;111;0.069114;1.492661;0.087617;0.997178;0.053869;-0.039628;0.034108;0.211224;1.360300;0.450168;-0.921113;-0.186053;0.155630;0.304492;0.225441;1.355306;0.392441;-0.943542;0.079498;0.101880;0.305006;0.212329;1.305463;0.366957;-0.815398;0.472986;0.031721;0.332272;0.220107;1.363178;0.428304;-0.931755;-0.117684;0.162267;0.302743;0.203199;1.355444;0.469960;-0.921113;-0.186053;0.155630;0.304492;0.213156;1.323794;0.426135;-0.079480;-0.946553;0.310324;-0.037687;0.244614;1.345656;0.396564;-0.924541;-0.083153;0.180640;0.325082;0.225930;1.296733;0.369193;-0.815398;0.472986;0.031721;0.332272;0.228317;1.344131;0.435236;-0.566296;-0.732106;0.364519;0.102255;0.213276;1.318488;0.402269;-0.079480;-0.946553;0.310324;-0.037687;0.233697;1.308565;0.370183;-0.815398;0.472986;0.031721;0.332272;0.228122;1.296755;0.420026;-0.020510;-0.861316;0.500423;-0.085389;0.261781;1.309861;0.408356;-0.846281;-0.185279;0.321566;0.382198;0.243748;1.283313;0.377303;-0.733660;0.389740;0.020282;0.556269;0.241168;1.307824;0.430130;-0.474535;-0.729373;0.471468;0.143351;0.229690;1.293779;0.398811;-0.020510;-0.861316;0.500423;-0.085389;2023/05/01 13:57:27.3854;0.219839;1.308491;0.422278;0.001490;-0.905018;0.415999;-0.088804;0.255189;1.329363;0.402617;-0.894027;-0.154933;0.227931;0.353214;0.239746;1.288971;0.372315;-0.815398;0.472986;0.031721;0.332272;0.235466;1.324937;0.434970;-0.490779;-0.750652;0.425023;0.122528;0.222671;1.305579;0.398776;0.001490;-0.905018;0.415999;-0.088804;6e526951-250e-4037-8505-3204f70e406b;0.199466;1.355691;0.409563;-0.876960;0.245526;-0.199754;-0.361603;0.200814;1.305919;0.370657;-0.762467;0.484619;-0.119395;-0.411744;0.193912;1.332551;0.386616;-0.874515;0.332887;-0.205246;-0.286854;0.203319;1.370498;0.428165;-0.876960;0.245526;-0.199754;-0.361603;1236;0.222780;1.271473;0.343802;-0.815398;0.472986;0.031721;0.332272
NA;197981;112;0.069350;1.492707;0.087734;0.997216;0.053843;-0.038967;0.033812;0.209336;1.359535;0.451478;-0.922815;-0.187668;0.153941;0.299159;0.223422;1.354618;0.393716;-0.945329;0.080215;0.100978;0.299535;0.211078;1.304735;0.367927;-0.819015;0.470135;0.035071;0.327043;0.218122;1.362489;0.429584;-0.933749;-0.117658;0.160395;0.297561;0.201383;1.354549;0.471266;-0.922815;-0.187668;0.153941;0.299159;0.211526;1.322773;0.427213;-0.075776;-0.948867;0.304053;-0.038232;0.242723;1.345220;0.397829;-0.926327;-0.087212;0.179820;0.319338;0.224797;1.296188;0.370146;-0.819015;0.470135;0.035071;0.327043;0.226394;1.343258;0.436468;-0.564378;-0.736396;0.359760;0.098848;0.211770;1.317627;0.403312;-0.075776;-0.948867;0.304053;-0.038232;0.232393;1.308123;0.371220;-0.819015;0.470135;0.035071;0.327043;0.226860;1.295899;0.420873;-0.015458;-0.864964;0.494246;-0.085555;0.260374;1.309609;0.409462;-0.847668;-0.191965;0.320663;0.376542;0.242788;1.282978;0.378223;-0.738662;0.386954;0.022331;0.551495;0.239692;1.307086;0.431120;-0.471778;-0.735043;0.466431;0.139925;0.228566;1.293109;0.399643;-0.015458;-0.864964;0.494246;-0.085555;2023/05/01 13:57:27.3976;0.218418;1.307514;0.423173;0.006761;-0.907920;0.409472;-0.089263;0.253516;1.329046;0.403816;-0.895629;-0.160514;0.227195;0.347084;0.238716;1.288606;0.373258;-0.819015;0.470135;0.035071;0.327043;0.233740;1.324094;0.436060;-0.487866;-0.755978;0.419958;0.118824;0.221403;1.304833;0.399662;0.006761;-0.907920;0.409472;-0.089263;6e526951-250e-4037-8505-3204f70e406b;0.197415;1.354571;0.410742;-0.875048;0.245855;-0.195899;-0.368063;0.199549;1.305007;0.371601;-0.760934;0.484022;-0.114149;-0.416740;0.192243;1.331462;0.387676;-0.873497;0.332661;-0.201157;-0.293045;0.200993;1.369361;0.429412;-0.875048;0.245855;-0.195899;-0.368063;1248;0.222063;1.271025;0.344611;-0.819015;0.470135;0.035071;0.327043
NA;197982;113;0.069563;1.492726;0.087819;0.997245;0.054011;-0.038233;0.033506;0.207937;1.358735;0.452782;-0.924163;-0.189785;0.152219;0.294507;0.221849;1.353892;0.394982;-0.946886;0.081103;0.099620;0.294796;0.210156;1.304000;0.368909;-0.822279;0.467538;0.037586;0.322263;0.216624;1.361770;0.430860;-0.935477;-0.117857;0.158368;0.293108;0.200050;1.353605;0.472560;-0.924163;-0.189785;0.152219;0.294507;0.210323;1.321749;0.428312;-0.072621;-0.950841;0.298627;-0.038077;0.241262;1.344715;0.399067;-0.927893;-0.090816;0.178564;0.314455;0.223977;1.295612;0.371098;-0.822279;0.467538;0.037586;0.322263;0.224947;1.342353;0.437689;-0.562784;-0.740088;0.355313;0.096419;0.210641;1.316749;0.404382;-0.072621;-0.950841;0.298627;-0.038077;0.231425;1.307634;0.372249;-0.822279;0.467538;0.037586;0.322263;0.225968;1.295013;0.421721;-0.010956;-0.868154;0.488804;-0.085205;0.259344;1.309265;0.410530;-0.848845;-0.198118;0.319482;0.371677;0.242127;1.282585;0.379129;-0.743117;0.384530;0.023682;0.547132;0.238619;1.306295;0.432088;-0.469318;-0.740049;0.461738;0.137354;0.227776;1.292402;0.400477;-0.010956;-0.868154;0.488804;-0.085205;2023/05/01 13:57:27.4077;0.217396;1.306518;0.424064;0.011830;-0.910456;0.403672;-0.089327;0.252250;1.328645;0.404979;-0.896993;-0.165703;0.226156;0.341761;0.237990;1.288187;0.374190;-0.822279;0.467538;0.037586;0.322263;0.232452;1.323202;0.437130;-0.485026;-0.760836;0.415272;0.115878;0.220507;1.304069;0.400544;0.011830;-0.910456;0.403672;-0.089327;6e526951-250e-4037-8505-3204f70e406b;0.195831;1.353479;0.411917;-0.873293;0.246067;-0.192716;-0.373726;0.198619;1.304110;0.372566;-0.759610;0.483280;-0.109796;-0.421164;0.190977;1.330404;0.388748;-0.872549;0.332323;-0.197817;-0.298478;0.199176;1.368251;0.430645;-0.873293;0.246067;-0.192716;-0.373726;1259;0.221589;1.270553;0.345431;-0.822279;0.467538;0.037586;0.322263
NA;197983;114;0.069763;1.492729;0.087901;0.997280;0.054174;-0.037439;0.033117;0.208219;1.359342;0.453325;-0.929483;-0.180294;0.144448;0.287558;0.221176;1.353797;0.395334;-0.949552;0.089499;0.094401;0.285359;0.210238;1.303597;0.369520;-0.824939;0.470023;0.038776;0.311528;0.216420;1.362103;0.431180;-0.940336;-0.107511;0.150777;0.285439;0.200789;1.354429;0.473334;-0.929483;-0.180294;0.144448;0.287558;0.210639;1.321571;0.428918;-0.075404;-0.953788;0.288844;-0.034227;0.240810;1.345028;0.399254;-0.932030;-0.089203;0.173233;0.305537;0.224246;1.295497;0.371601;-0.824939;0.470023;0.038776;0.311528;0.224961;1.342491;0.438058;-0.567033;-0.741906;0.345188;0.094310;0.210802;1.316496;0.405002;-0.075404;-0.953788;0.288844;-0.034227;0.231465;1.307668;0.372649;-0.824939;0.470023;0.038776;0.311528;0.226727;1.294984;0.422059;-0.012548;-0.873878;0.478881;-0.082790;0.259721;1.309991;0.410646;-0.854028;-0.200326;0.315017;0.362311;0.242741;1.282864;0.379500;-0.748127;0.388147;0.024779;0.537619;0.239188;1.306568;0.432322;-0.473045;-0.744325;0.451913;0.134102;0.228447;1.292371;0.400808;-0.012548;-0.873878;0.478881;-0.082790;2023/05/01 13:57:27.4194;0.217955;1.306334;0.424427;0.011589;-0.915130;0.393621;-0.086400;0.252180;1.329205;0.405107;-0.901486;-0.166765;0.221391;0.332414;0.238442;1.288365;0.374584;-0.824939;0.470023;0.038776;0.311528;0.232723;1.323350;0.437393;-0.487696;-0.764924;0.405330;0.112922;0.220976;1.303953;0.400888;0.011589;-0.915130;0.393621;-0.086400;6e526951-250e-4037-8505-3204f70e406b;0.195339;1.353039;0.412376;-0.867871;0.249478;-0.195056;-0.382771;0.198734;1.303490;0.373280;-0.753853;0.484325;-0.109829;-0.430201;0.190747;1.329721;0.389397;-0.867649;0.335835;-0.199170;-0.307785;0.198537;1.368006;0.430975;-0.867871;0.249478;-0.195056;-0.382771;1270;0.222120;1.270308;0.346044;-0.824939;0.470023;0.038776;0.311528
NA;197984;115;0.069963;1.492737;0.087982;0.997310;0.054404;-0.036571;0.032791;0.208759;1.359920;0.453901;-0.934402;-0.170455;0.136813;0.281285;0.220768;1.353631;0.395747;-0.951816;0.097886;0.089161;0.276612;0.210502;1.303168;0.370167;-0.827320;0.472343;0.039444;0.301459;0.216480;1.362375;0.431549;-0.944750;-0.096899;0.143298;0.278429;0.201781;1.355255;0.474131;-0.934402;-0.170455;0.136813;0.281285;0.211170;1.321348;0.429574;-0.078219;-0.956371;0.279871;-0.030155;0.240599;1.345239;0.399494;-0.935792;-0.087534;0.167859;0.297414;0.224675;1.295334;0.372133;-0.827320;0.472343;0.039444;0.301459;0.225220;1.342553;0.438478;-0.571147;-0.743336;0.335602;0.092810;0.211162;1.316197;0.405674;-0.078219;-0.956371;0.279871;-0.030155;0.231684;1.307636;0.373085;-0.827320;0.472343;0.039444;0.301459;0.227649;1.294882;0.422419;-0.014126;-0.879119;0.469587;-0.080245;0.260270;1.310591;0.410791;-0.858769;-0.202486;0.310620;0.353597;0.243486;1.283065;0.379889;-0.752653;0.391624;0.025388;0.528677;0.239933;1.306741;0.432580;-0.476525;-0.748210;0.442570;0.131294;0.229273;1.292267;0.401161;-0.014126;-0.879119;0.469587;-0.080245;2023/05/01 13:57:27.4296;0.218701;1.306089;0.424813;0.011540;-0.919370;0.384286;-0.083367;0.252319;1.329646;0.405275;-0.905548;-0.167897;0.216660;0.323809;0.239038;1.288471;0.375002;-0.827320;0.472343;0.039444;0.301459;0.233202;1.323399;0.437691;-0.490004;-0.768724;0.395928;0.110456;0.221625;1.303782;0.401256;0.011540;-0.919370;0.384286;-0.083367;6e526951-250e-4037-8505-3204f70e406b;0.195113;1.352589;0.412875;-0.862715;0.252706;-0.197530;-0.390953;0.199035;1.302864;0.374030;-0.748459;0.485192;-0.110267;-0.438451;0.190753;1.329040;0.390087;-0.862936;0.339183;-0.200721;-0.316239;0.198185;1.367739;0.431346;-0.862715;0.252706;-0.197530;-0.390953;1281;0.222769;1.270033;0.346675;-0.827320;0.472343;0.039444;0.301459
NA;197985;116;0.070146;1.492769;0.088082;0.997336;0.054632;-0.035755;0.032532;0.209513;1.360482;0.454499;-0.938969;-0.160283;0.129296;0.275553;0.220577;1.353410;0.396212;-0.953731;0.106311;0.083905;0.268431;0.210914;1.302719;0.370843;-0.829472;0.474526;0.039685;0.291937;0.216756;1.362605;0.431954;-0.948775;-0.086006;0.135912;0.271949;0.202981;1.356094;0.474938;-0.938969;-0.160283;0.129296;0.275553;0.211877;1.321091;0.430271;-0.081054;-0.958651;0.271565;-0.025909;0.240586;1.345367;0.399779;-0.939242;-0.085818;0.162450;0.289948;0.225235;1.295131;0.372688;-0.829472;0.474526;0.039685;0.291937;0.225681;1.342554;0.438937;-0.575148;-0.744445;0.326463;0.091807;0.211688;1.315862;0.406388;-0.081054;-0.958651;0.271565;-0.025909;0.232051;1.307550;0.373550;-0.829472;0.474526;0.039685;0.291937;0.228704;1.294716;0.422787;-0.015588;-0.883974;0.460782;-0.077633;0.260959;1.311090;0.410959;-0.863114;-0.204718;0.306315;0.345393;0.244339;1.283201;0.380294;-0.756780;0.394984;0.025596;0.520208;0.240819;1.306829;0.432852;-0.479716;-0.751834;0.433622;0.128803;0.230231;1.292102;0.401521;-0.015588;-0.883974;0.460782;-0.077633;2023/05/01 13:57:27.4417;0.219599;1.305794;0.425217;0.011672;-0.923252;0.375539;-0.080251;0.252628;1.329992;0.405478;-0.909251;-0.169103;0.211959;0.315816;0.239750;1.288519;0.375439;-0.829472;0.474526;0.039685;0.291937;0.233849;1.323368;0.438017;-0.491996;-0.772297;0.386973;0.108390;0.222424;1.303568;0.401640;0.011672;-0.923252;0.375539;-0.080251;6e526951-250e-4037-8505-3204f70e406b;0.195106;1.352132;0.413405;-0.857779;0.255808;-0.200110;-0.398415;0.199488;1.302235;0.374807;-0.743364;0.485929;-0.111043;-0.446042;0.190952;1.328363;0.390809;-0.858378;0.342413;-0.202431;-0.323979;0.198066;1.367460;0.431747;-0.857779;0.255808;-0.200110;-0.398415;1293;0.223516;1.269732;0.347322;-0.829472;0.474526;0.039685;0.291937
NA;197986;117;0.070310;1.492812;0.088184;0.997354;0.054874;-0.035045;0.032330;0.206093;1.358514;0.454538;-0.939347;-0.165792;0.132280;0.269520;0.217805;1.351924;0.396336;-0.955134;0.102103;0.088243;0.263643;0.208927;1.301225;0.370693;-0.831783;0.471538;0.045373;0.289362;0.213548;1.360887;0.432087;-0.949346;-0.091685;0.139440;0.266257;0.199402;1.353903;0.474877;-0.939347;-0.165792;0.132280;0.269520;0.209200;1.319428;0.430214;-0.077847;-0.960144;0.266787;-0.029794;0.237872;1.344094;0.400045;-0.939988;-0.089220;0.165131;0.284945;0.223315;1.293791;0.372637;-0.831783;0.471538;0.045373;0.289362;0.222700;1.341002;0.439080;-0.572783;-0.747713;0.324658;0.086266;0.209266;1.314294;0.406310;-0.077847;-0.960144;0.266787;-0.029794;0.229988;1.306280;0.373610;-0.831783;0.471538;0.045373;0.289362;0.226368;1.293217;0.422787;-0.012265;-0.886343;0.455763;-0.080788;0.258534;1.310007;0.411277;-0.863520;-0.209218;0.308386;0.339794;0.242492;1.282046;0.380371;-0.760295;0.391233;0.030112;0.517669;0.238256;1.305447;0.432982;-0.477740;-0.755474;0.431047;0.123375;0.228099;1.290671;0.401529;-0.012265;-0.886343;0.455763;-0.080788;2023/05/01 13:57:27.4529;0.217130;1.304259;0.425269;0.013946;-0.924910;0.370772;-0.082917;0.250038;1.328834;0.405793;-0.910024;-0.172035;0.213879;0.310670;0.237885;1.287329;0.375496;-0.831783;0.471538;0.045373;0.289362;0.231110;1.321959;0.438193;-0.490614;-0.775071;0.384503;0.103542;0.220130;1.302096;0.401707;0.013946;-0.924910;0.370772;-0.082917;6e526951-250e-4037-8505-3204f70e406b;0.192190;1.350299;0.413279;-0.857303;0.256154;-0.194452;-0.402002;0.197470;1.300602;0.374548;-0.742153;0.487434;-0.104079;-0.448091;0.188490;1.326580;0.390551;-0.858229;0.343178;-0.196126;-0.327425;0.194858;1.365560;0.431722;-0.857303;0.256154;-0.194452;-0.402002;1303;0.222104;1.268465;0.347174;-0.831783;0.471538;0.045373;0.289362
NA;197987;118;0.070457;1.492873;0.088290;0.997372;0.055019;-0.034479;0.032147;0.203127;1.356619;0.454629;-0.939731;-0.170781;0.134586;0.263867;0.215386;1.350492;0.396502;-0.956460;0.098244;0.091869;0.259023;0.207226;1.299793;0.370618;-0.833939;0.468866;0.050325;0.286668;0.210754;1.359230;0.432262;-0.949904;-0.096874;0.142266;0.260880;0.196311;1.351799;0.474877;-0.939731;-0.170781;0.134586;0.263867;0.206911;1.317834;0.430224;-0.075021;-0.961521;0.262229;-0.032952;0.235509;1.342863;0.400327;-0.940748;-0.092212;0.167165;0.280261;0.221676;1.292504;0.372642;-0.833939;0.468866;0.050325;0.286668;0.220131;1.339512;0.439259;-0.570741;-0.750686;0.322640;0.081424;0.207191;1.312791;0.406302;-0.075021;-0.961521;0.262229;-0.032952;0.228214;1.305057;0.373711;-0.833939;0.468866;0.050325;0.286668;0.224391;1.291778;0.422838;-0.009501;-0.888592;0.450962;-0.083343;0.256454;1.308959;0.411591;-0.864050;-0.213211;0.309918;0.334529;0.240928;1.280934;0.380480;-0.763586;0.387960;0.034001;0.515042;0.236072;1.304118;0.433138;-0.476187;-0.758758;0.428335;0.118579;0.226289;1.289291;0.401587;-0.009501;-0.888592;0.450962;-0.083343;2023/05/01 13:57:27.4636;0.215029;1.302790;0.425383;0.015724;-0.926486;0.366284;-0.084934;0.247796;1.327713;0.406110;-0.910861;-0.174495;0.215203;0.305894;0.236299;1.286185;0.375590;-0.833939;0.468866;0.050325;0.286668;0.228768;1.320609;0.438401;-0.489625;-0.777522;0.381906;0.099378;0.218166;1.300680;0.401834;0.015724;-0.926486;0.366284;-0.084934;6e526951-250e-4037-8505-3204f70e406b;0.189656;1.348541;0.413228;-0.856745;0.256241;-0.189566;-0.405455;0.195745;1.299039;0.374378;-0.740900;0.488669;-0.097870;-0.450212;0.186363;1.324873;0.390385;-0.857949;0.343758;-0.190592;-0.330801;0.192068;1.363735;0.431760;-0.856745;0.256241;-0.189566;-0.405455;1314;0.220920;1.267251;0.347094;-0.833939;0.468866;0.050325;0.286668
NA;197988;119;0.070553;1.492930;0.088410;0.997388;0.055134;-0.033992;0.031956;0.202730;1.355716;0.453581;-0.939840;-0.172616;0.134160;0.262499;0.215102;1.349904;0.395439;-0.957102;0.095430;0.092239;0.257568;0.207130;1.299252;0.369407;-0.835062;0.467480;0.051013;0.285538;0.210374;1.358445;0.431234;-0.950069;-0.099221;0.142115;0.259474;0.195918;1.350807;0.473809;-0.939840;-0.172616;0.134160;0.262499;0.206733;1.317142;0.429024;-0.072007;-0.962196;0.260517;-0.033536;0.235246;1.342331;0.399257;-0.941021;-0.093786;0.166898;0.278978;0.221603;1.292005;0.371420;-0.835062;0.467480;0.051013;0.285538;0.219859;1.338829;0.438172;-0.569030;-0.752543;0.321583;0.080429;0.207090;1.312231;0.405075;-0.072007;-0.962196;0.260517;-0.033536;0.228097;1.304577;0.372528;-0.835062;0.467480;0.051013;0.285538;0.224276;1.291099;0.421471;-0.005395;-0.889372;0.449462;-0.083502;0.256295;1.308465;0.410440;-0.863565;-0.216937;0.309745;0.333545;0.240886;1.280478;0.379237;-0.764978;0.386614;0.034202;0.513974;0.235869;1.303415;0.431897;-0.473043;-0.761455;0.427279;0.117681;0.226265;1.288767;0.400210;-0.005395;-0.889372;0.449462;-0.083502;2023/05/01 13:57:27.4743;0.214888;1.302108;0.424109;0.018936;-0.927008;0.364753;-0.085163;0.247579;1.327206;0.405006;-0.910877;-0.176837;0.214880;0.304726;0.236243;1.285727;0.374359;-0.835062;0.467480;0.051013;0.285538;0.228535;1.319912;0.437245;-0.487458;-0.779521;0.380803;0.098591;0.218097;1.300141;0.400558;0.018936;-0.927008;0.364753;-0.085163;6e526951-250e-4037-8505-3204f70e406b;0.189409;1.347829;0.412134;-0.856721;0.254966;-0.188734;-0.406695;0.195650;1.298448;0.373159;-0.740879;0.488002;-0.096437;-0.451279;0.186186;1.324215;0.389224;-0.858000;0.342892;-0.189551;-0.332161;0.191794;1.362967;0.430715;-0.856721;0.254966;-0.188734;-0.406695;1325;0.220948;1.266823;0.345798;-0.835062;0.467480;0.051013;0.285538
NA;197989;120;0.070618;1.492956;0.088522;0.997412;0.055048;-0.033773;0.031609;0.199107;1.354889;0.452308;-0.939748;-0.176767;0.139732;0.257102;0.212335;1.349336;0.394340;-0.957679;0.092349;0.098906;0.254049;0.204963;1.298550;0.368387;-0.834959;0.467236;0.057312;0.285044;0.207047;1.357763;0.430083;-0.950045;-0.103307;0.148077;0.254590;0.192048;1.349846;0.472419;-0.939748;-0.176767;0.139732;0.257102;0.203847;1.316633;0.427934;-0.071290;-0.962827;0.257560;-0.039303;0.232490;1.341911;0.398389;-0.941219;-0.094223;0.171791;0.275168;0.219461;1.291406;0.370575;-0.834959;0.467236;0.057312;0.285044;0.216732;1.338433;0.437158;-0.568661;-0.753221;0.322151;0.074169;0.204501;1.311684;0.404000;-0.071290;-0.962827;0.257560;-0.039303;0.225866;1.304022;0.371715;-0.834959;0.467236;0.057312;0.285044;0.221632;1.290685;0.420651;-0.003280;-0.890376;0.446422;-0.089038;0.253648;1.308223;0.409900;-0.863341;-0.218403;0.313881;0.329273;0.238746;1.280031;0.378636;-0.765860;0.385144;0.040254;0.513325;0.233038;1.303102;0.431164;-0.472224;-0.762785;0.427420;0.111693;0.223882;1.288331;0.399420;-0.003280;-0.890376;0.446422;-0.089038;2023/05/01 13:57:27.4865;0.212140;1.301662;0.423221;0.019265;-0.927735;0.361664;-0.090200;0.244864;1.326887;0.404314;-0.911123;-0.177143;0.219181;0.300725;0.234118;1.285233;0.373693;-0.834959;0.467236;0.057312;0.285044;0.225563;1.319602;0.436403;-0.487699;-0.780037;0.380883;0.092845;0.215587;1.299630;0.399709;0.019265;-0.927735;0.361664;-0.090200;6e526951-250e-4037-8505-3204f70e406b;0.186490;1.347228;0.410666;-0.856244;0.259155;-0.184595;-0.406953;0.193447;1.297686;0.372013;-0.738954;0.492580;-0.092060;-0.450374;0.183663;1.323478;0.387846;-0.857208;0.347537;-0.184557;-0.332190;0.188618;1.362450;0.429211;-0.856244;0.259155;-0.184595;-0.406953;1337;0.219242;1.266133;0.345041;-0.834959;0.467236;0.057312;0.285044
NA;197990;121;0.070661;1.492953;0.088647;0.997437;0.054874;-0.033445;0.031471;0.195375;1.353339;0.451492;-0.937969;-0.189855;0.146180;0.250603;0.209664;1.348728;0.393740;-0.958643;0.084498;0.105621;0.250415;0.202924;1.297951;0.367596;-0.836133;0.464573;0.063123;0.284727;0.203720;1.356701;0.429485;-0.949090;-0.115104;0.154708;0.249088;0.187950;1.347803;0.471339;-0.937969;-0.189855;0.146180;0.250603;0.201055;1.315914;0.427183;-0.068596;-0.963608;0.254485;-0.044635;0.229825;1.341433;0.397990;-0.941191;-0.096950;0.176246;0.271472;0.217446;1.290902;0.369926;-0.836133;0.464573;0.063123;0.284727;0.213682;1.337788;0.436585;-0.566469;-0.755287;0.322470;0.068319;0.202012;1.311026;0.403246;-0.068596;-0.963608;0.254485;-0.044635;0.223752;1.303559;0.371165;-0.836133;0.464573;0.063123;0.284727;0.219090;1.290085;0.419994;0.001489;-0.891426;0.443382;-0.093649;0.251091;1.307867;0.409656;-0.862424;-0.222470;0.317396;0.325563;0.236723;1.279642;0.378173;-0.767828;0.381387;0.045157;0.512781;0.230286;1.302546;0.430679;-0.468844;-0.765717;0.427270;0.106314;0.221617;1.287829;0.398783;0.001489;-0.891426;0.443382;-0.093649;2023/05/01 13:57:27.4977;0.209488;1.301034;0.422588;0.021744;-0.928386;0.358790;-0.094323;0.242238;1.326483;0.404016;-0.910882;-0.179773;0.222798;0.297215;0.232113;1.284823;0.373191;-0.836133;0.464573;0.063123;0.284727;0.222678;1.319041;0.435911;-0.485799;-0.781859;0.380749;0.087901;0.213168;1.299048;0.399107;0.021744;-0.928386;0.358790;-0.094323;6e526951-250e-4037-8505-3204f70e406b;0.183672;1.346450;0.409728;-0.856263;0.261071;-0.178941;-0.408210;0.191375;1.297001;0.371093;-0.738380;0.494831;-0.086123;-0.450022;0.181255;1.322708;0.386851;-0.857350;0.349510;-0.178435;-0.333099;0.185515;1.361649;0.428321;-0.856263;0.261071;-0.178941;-0.408210;1348;0.217680;1.265684;0.344339;-0.836133;0.464573;0.063123;0.284727
NA;197991;122;0.070676;1.492966;0.088755;0.997435;0.055086;-0.033288;0.031320;0.191886;1.351669;0.450711;-0.935742;-0.204324;0.152378;0.243761;0.207204;1.348101;0.393207;-0.959606;0.076188;0.111958;0.246611;0.201065;1.297338;0.366891;-0.837276;0.462079;0.068468;0.284193;0.200626;1.355575;0.428949;-0.947873;-0.128019;0.161056;0.243331;0.184104;1.345579;0.470257;-0.935742;-0.204324;0.152378;0.243761;0.198510;1.315183;0.426516;-0.066281;-0.964346;0.251396;-0.049440;0.227372;1.340935;0.397638;-0.941229;-0.099397;0.180226;0.267819;0.215611;1.290382;0.369348;-0.837276;0.462079;0.068468;0.284193;0.210889;1.337132;0.436074;-0.564557;-0.757180;0.322495;0.062858;0.199741;1.310348;0.402581;-0.066281;-0.964346;0.251396;-0.049440;0.221819;1.303078;0.370676;-0.837276;0.462079;0.068468;0.284193;0.216784;1.289470;0.419401;0.005925;-0.892468;0.440343;-0.097794;0.248753;1.307490;0.409440;-0.861658;-0.226248;0.320458;0.321969;0.234884;1.279236;0.377760;-0.769750;0.377920;0.049645;0.512052;0.227779;1.301974;0.430244;-0.465706;-0.768520;0.426884;0.101313;0.219563;1.287311;0.398211;0.005925;-0.892468;0.440343;-0.097794;2023/05/01 13:57:27.5084;0.207074;1.300395;0.422035;0.023778;-0.929037;0.356010;-0.097890;0.239828;1.326057;0.403753;-0.910747;-0.182075;0.225908;0.293860;0.230288;1.284396;0.372745;-0.837276;0.462079;0.068468;0.284193;0.220049;1.318470;0.435478;-0.484221;-0.783500;0.380390;0.083429;0.210955;1.298447;0.398583;0.023778;-0.929037;0.356010;-0.097890;6e526951-250e-4037-8505-3204f70e406b;0.181087;1.345653;0.408890;-0.856137;0.262797;-0.173743;-0.409612;0.189488;1.296302;0.370271;-0.737749;0.496785;-0.080615;-0.449925;0.179053;1.321923;0.385964;-0.857365;0.351269;-0.172798;-0.334180;0.182664;1.360830;0.427526;-0.856137;0.262797;-0.173743;-0.409612;1359;0.216267;1.265222;0.343714;-0.837276;0.462079;0.068468;0.284193
NA;197992;123;0.070681;1.492987;0.088864;0.997422;0.055297;-0.033336;0.031308;0.188606;1.349907;0.449953;-0.933084;-0.219773;0.158297;0.236637;0.204917;1.347460;0.392730;-0.960541;0.067549;0.117960;0.242660;0.199354;1.296712;0.366256;-0.838394;0.459721;0.073433;0.283480;0.197726;1.354399;0.428461;-0.946386;-0.141732;0.167114;0.237356;0.180483;1.343219;0.469162;-0.933084;-0.219773;0.158297;0.236637;0.196168;1.314443;0.425918;-0.064257;-0.965050;0.248299;-0.053820;0.225094;1.340420;0.397324;-0.941318;-0.101622;0.183817;0.264205;0.213924;1.289849;0.368827;-0.838394;0.459721;0.073433;0.283480;0.208306;1.336465;0.435613;-0.562864;-0.758938;0.322283;0.057715;0.197647;1.309652;0.401989;-0.064257;-0.965050;0.248299;-0.053820;0.220035;1.302584;0.370237;-0.838394;0.459721;0.073433;0.283480;0.214672;1.288843;0.418861;0.010096;-0.893503;0.437305;-0.101559;0.246595;1.307095;0.409248;-0.861013;-0.229796;0.323151;0.318472;0.233198;1.278815;0.377388;-0.771633;0.374688;0.053794;0.511172;0.225473;1.301389;0.429849;-0.462762;-0.771219;0.426305;0.096622;0.217682;1.286780;0.397693;0.010096;-0.893503;0.437305;-0.101559;2023/05/01 13:57:27.5196;0.204854;1.299748;0.421549;0.025465;-0.929691;0.353304;-0.101013;0.237595;1.325613;0.403520;-0.910699;-0.184116;0.228609;0.290631;0.228611;1.283954;0.372343;-0.838394;0.459721;0.073433;0.283480;0.217628;1.317890;0.435094;-0.482900;-0.785000;0.379852;0.079340;0.208910;1.297831;0.398125;0.025465;-0.929691;0.353304;-0.101013;6e526951-250e-4037-8505-3204f70e406b;0.178694;1.344840;0.408135;-0.855894;0.264365;-0.168918;-0.411126;0.187754;1.295591;0.369529;-0.737070;0.498504;-0.075455;-0.450032;0.177021;1.321124;0.385165;-0.857277;0.352858;-0.167558;-0.335399;0.180020;1.359995;0.426809;-0.855894;0.264365;-0.168918;-0.411126;1370;0.214977;1.264747;0.343150;-0.838394;0.459721;0.073433;0.283480
NA;197993;124;0.070664;1.492982;0.088998;0.997432;0.055272;-0.033328;0.031056;0.185589;1.348115;0.449218;-0.930004;-0.235804;0.163860;0.229434;0.202840;1.346835;0.392306;-0.961404;0.058768;0.123557;0.238712;0.197810;1.296105;0.365691;-0.839440;0.457551;0.077940;0.282688;0.195066;1.353217;0.428019;-0.944622;-0.155907;0.172805;0.231347;0.177148;1.340804;0.468060;-0.930004;-0.235804;0.163860;0.229434;0.194055;1.313728;0.425391;-0.062533;-0.965697;0.245327;-0.057747;0.223024;1.339916;0.397046;-0.941435;-0.103576;0.187013;0.260766;0.212402;1.289330;0.368365;-0.839440;0.457551;0.077940;0.282688;0.205969;1.335822;0.435202;-0.561403;-0.760513;0.321930;0.052988;0.195758;1.308976;0.401468;-0.062533;-0.965697;0.245327;-0.057747;0.218421;1.302100;0.369848;-0.839440;0.457551;0.077940;0.282688;0.212774;1.288235;0.418376;0.013955;-0.894480;0.434396;-0.104932;0.244643;1.306705;0.409076;-0.860465;-0.233041;0.325493;0.315193;0.231679;1.278402;0.377057;-0.773404;0.371747;0.057546;0.510235;0.223394;1.300819;0.429496;-0.460040;-0.773743;0.425631;0.092322;0.215994;1.286263;0.397230;0.013955;-0.894480;0.434396;-0.104932;2023/05/01 13:57:27.5308;0.202852;1.299125;0.421130;0.026790;-0.930310;0.350791;-0.103691;0.235571;1.325177;0.403312;-0.910713;-0.185850;0.230916;0.287646;0.227099;1.283522;0.371986;-0.839440;0.457551;0.077940;0.282688;0.215447;1.317331;0.434757;-0.481846;-0.786307;0.379230;0.075700;0.207057;1.297230;0.397730;0.026790;-0.930310;0.350791;-0.103691;6e526951-250e-4037-8505-3204f70e406b;0.176526;1.344053;0.407462;-0.855588;0.265769;-0.164552;-0.412626;0.186192;1.294905;0.368870;-0.736388;0.500002;-0.070753;-0.450250;0.175186;1.320353;0.384454;-0.857121;0.354282;-0.162801;-0.336636;0.177623;1.359186;0.426168;-0.855588;0.265769;-0.164552;-0.412626;1381;0.213819;1.264285;0.342650;-0.839440;0.457551;0.077940;0.282688
NA;197994;125;0.070621;1.493020;0.089124;0.997423;0.055408;-0.033482;0.030932;0.183905;1.347870;0.447367;-0.920418;-0.269888;0.175227;0.222007;0.202367;1.348144;0.391078;-0.960983;0.050113;0.129433;0.239265;0.197144;1.297275;0.364762;-0.836872;0.459920;0.079408;0.286029;0.194027;1.354016;0.426751;-0.939123;-0.181815;0.182673;0.227206;0.174785;1.339316;0.465349;-0.920418;-0.269888;0.175227;0.222007;0.193247;1.315328;0.424335;-0.064775;-0.964691;0.247909;-0.060961;0.222487;1.341133;0.395957;-0.940610;-0.100179;0.190424;0.262593;0.211680;1.290427;0.367552;-0.836872;0.459920;0.079408;0.286029;0.205234;1.337419;0.434062;-0.562912;-0.757907;0.325653;0.051548;0.195057;1.310429;0.400450;-0.064775;-0.964691;0.247909;-0.060961;0.217778;1.303167;0.368989;-0.836872;0.459920;0.079408;0.286029;0.211808;1.289690;0.417634;0.011173;-0.892785;0.437212;-0.107962;0.243848;1.307873;0.408306;-0.859578;-0.229488;0.328847;0.316736;0.230857;1.279437;0.376416;-0.770475;0.373315;0.059879;0.513243;0.222489;1.302277;0.428693;-0.461930;-0.770621;0.429441;0.091354;0.215083;1.287547;0.396514;0.011173;-0.892785;0.437212;-0.107962;2023/05/01 13:57:27.5415;0.201940;1.300709;0.420373;0.022460;-0.928933;0.353990;-0.106162;0.234915;1.326360;0.402378;-0.910128;-0.181370;0.233839;0.289986;0.226332;1.284551;0.371290;-0.836872;0.459920;0.079408;0.286029;0.214664;1.318940;0.433844;-0.484990;-0.782536;0.383076;0.075338;0.206168;1.298569;0.396998;0.022460;-0.928933;0.353990;-0.106162;6e526951-250e-4037-8505-3204f70e406b;0.175912;1.345647;0.406070;-0.856498;0.269164;-0.164439;-0.408560;0.185500;1.296172;0.367880;-0.736199;0.503696;-0.071701;-0.446274;0.174559;1.321796;0.383220;-0.857386;0.357739;-0.162567;-0.332392;0.177007;1.360896;0.424682;-0.856498;0.269164;-0.164439;-0.408560;1392;0.213069;1.265200;0.342021;-0.836872;0.459920;0.079408;0.286029
NA;197995;126;0.070533;1.493041;0.089253;0.997399;0.055456;-0.033869;0.031196;0.183231;1.347600;0.445332;-0.912140;-0.294105;0.183027;0.219098;0.202127;1.348407;0.389438;-0.959945;0.050091;0.130500;0.242829;0.196503;1.297481;0.363308;-0.834696;0.461869;0.078487;0.289481;0.193734;1.354327;0.425091;-0.934892;-0.197109;0.188343;0.227273;0.173642;1.338203;0.462636;-0.912140;-0.294105;0.183027;0.219098;0.192716;1.315818;0.422825;-0.066762;-0.963509;0.251788;-0.061623;0.222184;1.341253;0.394364;-0.939654;-0.097437;0.191709;0.266090;0.210976;1.290523;0.366145;-0.834696;0.461869;0.078487;0.289481;0.204877;1.337848;0.432474;-0.564086;-0.755436;0.329128;0.052905;0.194508;1.310812;0.398961;-0.066762;-0.963509;0.251788;-0.061623;0.217188;1.303213;0.367551;-0.834696;0.461869;0.078487;0.289481;0.211062;1.290010;0.416262;0.008922;-0.890845;0.440968;-0.108916;0.243262;1.307871;0.406871;-0.858576;-0.226378;0.330569;0.319882;0.230066;1.279409;0.375089;-0.767560;0.374947;0.059759;0.516425;0.221851;1.302545;0.427275;-0.462936;-0.767840;0.433086;0.092462;0.214318;1.287754;0.395150;0.008922;-0.890845;0.440968;-0.108916;2023/05/01 13:57:27.5526;0.201268;1.301134;0.418987;0.019705;-0.927331;0.358145;-0.106780;0.234486;1.326406;0.400858;-0.909182;-0.178314;0.235160;0.293756;0.225588;1.284538;0.369938;-0.834696;0.461869;0.078487;0.289481;0.214177;1.319307;0.432361;-0.486649;-0.779510;0.386782;0.077051;0.205460;1.298847;0.395620;0.019705;-0.927331;0.358145;-0.106780;6e526951-250e-4037-8505-3204f70e406b;0.175630;1.346284;0.404267;-0.858184;0.270557;-0.166203;-0.403356;0.184841;1.296494;0.366399;-0.736877;0.506192;-0.074447;-0.441860;0.174103;1.322314;0.381553;-0.858148;0.359862;-0.164169;-0.327307;0.176862;1.361606;0.422810;-0.858184;0.270557;-0.166203;-0.403356;1404;0.212191;1.265174;0.340738;-0.834696;0.461869;0.078487;0.289481
NA;197996;127;0.070443;1.493065;0.089360;0.997373;0.055722;-0.034241;0.031140;0.182518;1.347243;0.443398;-0.903413;-0.317880;0.190573;0.215592;0.201839;1.348594;0.387918;-0.959024;0.049845;0.131576;0.245921;0.195871;1.297618;0.361953;-0.832753;0.463579;0.077786;0.292517;0.193385;1.354542;0.423551;-0.930557;-0.212201;0.193855;0.226836;0.172497;1.337035;0.459984;-0.903413;-0.317880;0.190573;0.215592;0.192170;1.316210;0.421422;-0.068572;-0.962448;0.255171;-0.062289;0.221840;1.341316;0.392891;-0.938795;-0.094987;0.192920;0.269115;0.210286;1.290565;0.364836;-0.832753;0.463579;0.077786;0.292517;0.204482;1.338187;0.431000;-0.565137;-0.753224;0.332201;0.054003;0.193948;1.311107;0.397578;-0.068572;-0.962448;0.255171;-0.062289;0.216598;1.303212;0.366216;-0.832753;0.463579;0.077786;0.292517;0.210329;1.290256;0.414982;0.006961;-0.889121;0.444245;-0.109825;0.242668;1.307832;0.405543;-0.857665;-0.223644;0.332143;0.322607;0.229300;1.279345;0.373856;-0.764984;0.376357;0.059763;0.519214;0.221210;1.302744;0.425958;-0.463764;-0.765403;0.436312;0.093341;0.213572;1.287900;0.393879;0.006961;-0.889121;0.444245;-0.109825;2023/05/01 13:57:27.5643;0.200598;1.301473;0.417698;0.017215;-0.925887;0.361820;-0.107343;0.234029;1.326406;0.399452;-0.908320;-0.175598;0.236361;0.297075;0.224863;1.284486;0.368681;-0.832753;0.463579;0.077786;0.292517;0.213669;1.319594;0.430985;-0.488133;-0.776791;0.390068;0.078546;0.204757;1.299053;0.394338;0.017215;-0.925887;0.361820;-0.107343;6e526951-250e-4037-8505-3204f70e406b;0.175307;1.346810;0.402579;-0.859693;0.271871;-0.167710;-0.398607;0.184192;1.296734;0.365014;-0.737401;0.508581;-0.076822;-0.437817;0.173631;1.322730;0.379991;-0.858786;0.361907;-0.165489;-0.322682;0.176660;1.362198;0.421059;-0.859693;0.271871;-0.167710;-0.398607;1415;0.211356;1.265108;0.339541;-0.832753;0.463579;0.077786;0.292517
NA;197997;128;0.070311;1.493074;0.089455;0.997352;0.056036;-0.034577;0.030866;0.180612;1.349952;0.439724;-0.906512;-0.305195;0.195796;0.216232;0.200319;1.350062;0.384289;-0.957393;0.057528;0.137542;0.247328;0.194485;1.298836;0.358774;-0.829309;0.466591;0.083484;0.295924;0.191603;1.356673;0.419742;-0.931927;-0.200283;0.199143;0.227468;0.170472;1.340273;0.456553;-0.906512;-0.305195;0.195796;0.216232;0.190170;1.318026;0.417959;-0.070968;-0.961478;0.256281;-0.069603;0.220241;1.342783;0.389570;-0.937720;-0.091859;0.200101;0.268707;0.208837;1.291769;0.361910;-0.829309;0.466591;0.083484;0.295924;0.202409;1.340064;0.427492;-0.566404;-0.750593;0.336840;0.048320;0.192250;1.312721;0.394184;-0.070968;-0.961478;0.256281;-0.069603;0.215192;1.304402;0.363258;-0.829309;0.466591;0.083484;0.295924;0.208326;1.291958;0.412035;0.005297;-0.888002;0.444436;-0.117904;0.240825;1.309382;0.402827;-0.856331;-0.221057;0.339518;0.320248;0.227735;1.280585;0.371304;-0.761799;0.377678;0.066449;0.522117;0.219095;1.304540;0.423014;-0.464975;-0.763072;0.440452;0.086731;0.211841;1.289383;0.391001;0.005297;-0.888002;0.444436;-0.117904;2023/05/01 13:57:27.5755;0.198592;1.303231;0.414489;0.015270;-0.924826;0.362286;-0.114944;0.232311;1.327912;0.396434;-0.907264;-0.172936;0.243648;0.295974;0.223373;1.285681;0.366022;-0.829309;0.466591;0.083484;0.295924;0.211540;1.321444;0.427771;-0.489168;-0.774525;0.394434;0.072440;0.203045;1.300592;0.391207;0.015270;-0.924826;0.362286;-0.114944;6e526951-250e-4037-8505-3204f70e406b;0.173545;1.348692;0.398365;-0.860078;0.280317;-0.164837;-0.393087;0.182756;1.298035;0.361665;-0.735397;0.516955;-0.075588;-0.431550;0.172101;1.324293;0.376108;-0.858133;0.370255;-0.162065;-0.316628;0.174710;1.364329;0.416649;-0.860078;0.280317;-0.164837;-0.393087;1426;0.210142;1.266021;0.336945;-0.829309;0.466591;0.083484;0.295924
NA;197998;129;0.070139;1.493067;0.089560;0.997330;0.056130;-0.035140;0.030780;0.177772;1.352630;0.437484;-0.906314;-0.304524;0.201424;0.212811;0.197941;1.352170;0.382245;-0.956527;0.062093;0.142741;0.246628;0.192392;1.300721;0.357104;-0.826976;0.468920;0.088922;0.297182;0.188946;1.359189;0.417550;-0.931976;-0.197389;0.204480;0.225048;0.167453;1.343009;0.454236;-0.906314;-0.304524;0.201424;0.212811;0.187526;1.320429;0.416100;-0.073499;-0.961039;0.255560;-0.075436;0.217822;1.344964;0.387775;-0.937364;-0.088954;0.205587;0.266777;0.206715;1.293695;0.360446;-0.826976;0.468920;0.088922;0.297182;0.199644;1.342567;0.425554;-0.568118;-0.748562;0.339201;0.042892;0.189850;1.314937;0.392389;-0.073499;-0.961039;0.255560;-0.075436;0.213061;1.306340;0.361766;-0.826976;0.468920;0.088922;0.297182;0.205758;1.294296;0.410564;0.003687;-0.887852;0.442981;-0.124393;0.238322;1.311711;0.401523;-0.855885;-0.219262;0.345073;0.316717;0.225558;1.282613;0.370143;-0.760087;0.378673;0.072546;0.523080;0.216397;1.307000;0.421528;-0.466467;-0.761716;0.442389;0.080559;0.209491;1.291541;0.389591;0.003687;-0.887852;0.442981;-0.124393;2023/05/01 13:57:27.5867;0.195994;1.305602;0.412828;0.013629;-0.924589;0.360937;-0.121139;0.229846;1.330171;0.394884;-0.907050;-0.170540;0.249120;0.293456;0.221238;1.287656;0.364775;-0.826976;0.468920;0.088922;0.297182;0.208787;1.323947;0.426078;-0.490616;-0.773055;0.396534;0.066650;0.200693;1.302789;0.389615;0.013629;-0.924589;0.360937;-0.121139;6e526951-250e-4037-8505-3204f70e406b;0.170982;1.351036;0.395838;-0.859633;0.287443;-0.162012;-0.390076;0.180628;1.299944;0.359856;-0.732913;0.523897;-0.073668;-0.427719;0.169808;1.326373;0.373857;-0.856960;0.377318;-0.158625;-0.313192;0.171943;1.366877;0.413957;-0.859633;0.287443;-0.162012;-0.390076;1437;0.208299;1.267717;0.335757;-0.826976;0.468920;0.088922;0.297182
NA;197999;130;0.069992;1.493064;0.089639;0.997298;0.056250;-0.035707;0.030963;0.175050;1.355048;0.435335;-0.905741;-0.305077;0.206907;0.209166;0.195673;1.354104;0.380308;-0.955699;0.066199;0.147666;0.245872;0.190400;1.302450;0.355516;-0.824801;0.471040;0.094088;0.298283;0.186408;1.361493;0.415468;-0.931833;-0.195516;0.209656;0.222499;0.164551;1.345433;0.451979;-0.905741;-0.305077;0.206907;0.209166;0.185012;1.322641;0.414333;-0.075882;-0.960616;0.254777;-0.080919;0.215514;1.346973;0.386071;-0.937021;-0.086216;0.210724;0.264866;0.204695;1.295468;0.359051;-0.824801;0.471040;0.094088;0.298283;0.197013;1.344875;0.423711;-0.569732;-0.746640;0.341336;0.037739;0.187565;1.316974;0.390687;-0.075882;-0.960616;0.254777;-0.080919;0.211030;1.308125;0.360348;-0.824801;0.471040;0.094088;0.298283;0.203316;1.296449;0.409157;0.002213;-0.887727;0.441477;-0.130513;0.235937;1.313865;0.400277;-0.855454;-0.217644;0.350281;0.313262;0.223485;1.284486;0.369033;-0.758516;0.379542;0.078310;0.523898;0.213829;1.309269;0.420107;-0.467842;-0.760472;0.444107;0.074673;0.207256;1.293525;0.388245;0.002213;-0.887727;0.441477;-0.130513;2023/05/01 13:57:27.5973;0.193525;1.307785;0.411245;0.012169;-0.924371;0.359533;-0.126990;0.227495;1.332257;0.393409;-0.906843;-0.168307;0.254243;0.290979;0.219205;1.289477;0.363586;-0.824801;0.471040;0.094088;0.298283;0.206168;1.326256;0.424464;-0.491946;-0.771699;0.398413;0.061136;0.198458;1.304813;0.388100;0.012169;-0.924371;0.359533;-0.126990;6e526951-250e-4037-8505-3204f70e406b;0.168544;1.353186;0.393429;-0.859157;0.294172;-0.159244;-0.387239;0.178603;1.301692;0.358133;-0.730504;0.530446;-0.071752;-0.424079;0.167628;1.328277;0.371713;-0.855788;0.383991;-0.155267;-0.309953;0.169309;1.369217;0.411388;-0.859157;0.294172;-0.159244;-0.387239;1448;0.206546;1.269277;0.334625;-0.824801;0.471040;0.094088;0.298283
NA;198000;131;0.069819;1.493014;0.089726;0.997257;0.056564;-0.036220;0.031090;0.174563;1.357236;0.435329;-0.907388;-0.297737;0.208801;0.210718;0.195183;1.355482;0.380281;-0.954643;0.071749;0.149242;0.247461;0.190026;1.303762;0.355602;-0.823762;0.471340;0.096820;0.299801;0.185928;1.363305;0.415348;-0.932728;-0.187594;0.211183;0.224116;0.164025;1.347929;0.452124;-0.907388;-0.297737;0.208801;0.210718;0.184302;1.324129;0.414325;-0.075997;-0.960200;0.255294;-0.084061;0.214985;1.348355;0.386182;-0.936394;-0.085647;0.213759;0.264837;0.204296;1.296781;0.359242;-0.823762;0.471340;0.096820;0.299801;0.196269;1.346374;0.423721;-0.569585;-0.745924;0.343388;0.035427;0.186996;1.318418;0.390706;-0.075997;-0.960200;0.255294;-0.084061;0.210630;1.309438;0.360542;-0.823762;0.471340;0.096820;0.299801;0.202615;1.297867;0.409331;0.001471;-0.887354;0.441192;-0.133978;0.235303;1.315275;0.400601;-0.854674;-0.217409;0.353724;0.311682;0.223019;1.285816;0.369367;-0.757586;0.379072;0.081191;0.525144;0.213060;1.310734;0.420292;-0.468047;-0.759769;0.445627;0.071415;0.206672;1.294850;0.388455;0.001471;-0.887354;0.441192;-0.133978;2023/05/01 13:57:27.6086;0.192811;1.309223;0.411315;0.011809;-0.923923;0.359531;-0.130249;0.226913;1.333653;0.393632;-0.906167;-0.168220;0.257571;0.290206;0.218775;1.290795;0.363880;-0.823762;0.471340;0.096820;0.299801;0.205380;1.327726;0.424559;-0.491793;-0.771117;0.400145;0.058331;0.197878;1.306179;0.388209;0.011809;-0.923923;0.359531;-0.130249;6e526951-250e-4037-8505-3204f70e406b;0.168052;1.354683;0.393168;-0.859863;0.295832;-0.158297;-0.384788;0.178213;1.303018;0.358152;-0.730059;0.533159;-0.071032;-0.421558;0.167215;1.329683;0.371554;-0.855745;0.386605;-0.153749;-0.307567;0.168794;1.370756;0.411091;-0.859863;0.295832;-0.158297;-0.384788;1459;0.206276;1.270520;0.334902;-0.823762;0.471340;0.096820;0.299801
NA;198001;132;0.069675;1.492983;0.089808;0.997226;0.056754;-0.036680;0.031213;0.173700;1.359747;0.433934;-0.911885;-0.281093;0.209899;0.213064;0.194238;1.356652;0.378805;-0.953357;0.080492;0.151626;0.248278;0.189226;1.304721;0.354538;-0.821396;0.474030;0.100612;0.300800;0.184994;1.365139;0.413720;-0.934970;-0.172562;0.212401;0.225696;0.163213;1.351096;0.451106;-0.911885;-0.281093;0.209899;0.213064;0.183135;1.325582;0.413057;-0.079126;-0.959587;0.255359;-0.087891;0.214004;1.349577;0.384887;-0.936041;-0.082674;0.217643;0.263862;0.203471;1.297771;0.358327;-0.821396;0.474030;0.100612;0.300800;0.195062;1.347901;0.422328;-0.571818;-0.743465;0.345337;0.032037;0.185964;1.319680;0.389500;-0.079126;-0.959587;0.255359;-0.087891;0.209803;1.310437;0.359563;-0.821396;0.474030;0.100612;0.300800;0.201482;1.299260;0.408394;-0.001266;-0.887032;0.440350;-0.138800;0.234234;1.316625;0.399718;-0.854512;-0.214910;0.357940;0.309035;0.222137;1.286893;0.368669;-0.755670;0.380794;0.085769;0.525930;0.211858;1.312235;0.419293;-0.470380;-0.757799;0.447213;0.066961;0.205671;1.296051;0.387573;-0.001266;-0.887032;0.440350;-0.138800;2023/05/01 13:57:27.6198;0.191669;1.310618;0.410174;0.009526;-0.923624;0.358653;-0.134897;0.225886;1.334941;0.392537;-0.905990;-0.165873;0.261856;0.288269;0.217926;1.291824;0.363113;-0.821396;0.474030;0.100612;0.300800;0.204138;1.329234;0.423354;-0.493527;-0.769455;0.401820;0.053948;0.196902;1.307398;0.387128;0.009526;-0.923624;0.358653;-0.134897;6e526951-250e-4037-8505-3204f70e406b;0.167080;1.356043;0.391419;-0.859702;0.300122;-0.158133;-0.381880;0.177396;1.304003;0.357012;-0.727844;0.538358;-0.071123;-0.418755;0.166348;1.330823;0.370059;-0.854520;0.391930;-0.152721;-0.304735;0.167783;1.372261;0.409213;-0.859702;0.300122;-0.158133;-0.381880;1470;0.205602;1.271297;0.334238;-0.821396;0.474030;0.100612;0.300800
NA;198002;133;0.069491;1.492957;0.089884;0.997206;0.056710;-0.037203;0.031307;0.172843;1.362158;0.432551;-0.916095;-0.264384;0.210805;0.215482;0.193288;1.357750;0.377369;-0.952038;0.088954;0.153913;0.249040;0.188423;1.305621;0.353496;-0.819139;0.476556;0.104312;0.301702;0.184059;1.366878;0.412126;-0.936958;-0.157723;0.213481;0.227284;0.162421;1.354172;0.450081;-0.916095;-0.264384;0.210805;0.215482;0.181968;1.326947;0.411817;-0.082129;-0.958987;0.255373;-0.091558;0.213019;1.350729;0.383626;-0.935686;-0.079922;0.221382;0.262858;0.202644;1.298704;0.357429;-0.819139;0.476556;0.104312;0.301702;0.193857;1.349336;0.420967;-0.573956;-0.741097;0.347164;0.028767;0.184928;1.320863;0.388323;-0.082129;-0.958987;0.255373;-0.091558;0.208972;1.311379;0.358604;-0.819139;0.476556;0.104312;0.301702;0.200354;1.300577;0.407472;-0.003794;-0.886722;0.439468;-0.143447;0.233166;1.317906;0.398849;-0.854331;-0.212592;0.361970;0.306431;0.221255;1.287915;0.367979;-0.753864;0.382388;0.090207;0.526622;0.210663;1.313656;0.418310;-0.472586;-0.755924;0.448680;0.062670;0.204672;1.297186;0.386705;-0.003794;-0.886722;0.439468;-0.143447;2023/05/01 13:57:27.6304;0.190534;1.311928;0.409048;0.007490;-0.923348;0.357679;-0.139423;0.224858;1.336160;0.391467;-0.905799;-0.163745;0.265999;0.286288;0.217077;1.292798;0.362358;-0.819139;0.476556;0.104312;0.301702;0.202899;1.330654;0.422171;-0.495090;-0.767935;0.403358;0.049636;0.195931;1.308546;0.386063;0.007490;-0.923348;0.357679;-0.139423;6e526951-250e-4037-8505-3204f70e406b;0.166106;1.357316;0.389715;-0.859567;0.304139;-0.157922;-0.379084;0.176576;1.304925;0.355895;-0.725673;0.543356;-0.071119;-0.416059;0.165478;1.331889;0.368599;-0.853320;0.397020;-0.151652;-0.302031;0.166773;1.373669;0.407386;-0.859567;0.304139;-0.157922;-0.379084;1481;0.204925;1.272028;0.333583;-0.819139;0.476556;0.104312;0.301702
NA;198003;134;0.069302;1.492947;0.089955;0.997185;0.056694;-0.037588;0.031536;0.172005;1.364517;0.431175;-0.920083;-0.247312;0.211508;0.218055;0.192332;1.358790;0.375964;-0.950658;0.097416;0.156064;0.249809;0.187616;1.306473;0.352470;-0.816967;0.478950;0.107941;0.302525;0.183129;1.368555;0.410555;-0.938743;-0.142740;0.214394;0.228960;0.161664;1.357218;0.449049;-0.920083;-0.247312;0.211508;0.218055;0.180801;1.328241;0.410597;-0.085026;-0.958397;0.255347;-0.095098;0.212029;1.351826;0.382390;-0.935325;-0.077349;0.225009;0.261829;0.201814;1.299591;0.356543;-0.816967;0.478950;0.107941;0.302525;0.192653;1.350698;0.419628;-0.576016;-0.738799;0.348895;0.025594;0.183887;1.321981;0.387166;-0.085026;-0.958397;0.255347;-0.095098;0.208136;1.312275;0.357661;-0.816967;0.478950;0.107941;0.302525;0.199229;1.301832;0.406558;-0.006159;-0.886423;0.438548;-0.147959;0.232097;1.319132;0.397991;-0.854134;-0.210421;0.365859;0.303852;0.220373;1.288891;0.367294;-0.752143;0.383879;0.094535;0.527239;0.209472;1.315011;0.417337;-0.474695;-0.754121;0.450049;0.058500;0.203674;1.298269;0.385847;-0.006159;-0.886423;0.438548;-0.147959;2023/05/01 13:57:27.6416;0.189403;1.313169;0.407932;0.005659;-0.923090;0.356622;-0.143856;0.223827;1.337324;0.390416;-0.905593;-0.161798;0.270032;0.284263;0.216225;1.293727;0.361610;-0.816967;0.478950;0.107941;0.302525;0.201660;1.332001;0.421003;-0.496513;-0.766530;0.404781;0.045374;0.194964;1.309636;0.385009;0.005659;-0.923090;0.356622;-0.143856;6e526951-250e-4037-8505-3204f70e406b;0.165130;1.358520;0.388042;-0.859460;0.307932;-0.157678;-0.376357;0.175753;1.305796;0.354796;-0.723534;0.548202;-0.071042;-0.413433;0.164605;1.332895;0.367163;-0.852136;0.401933;-0.150549;-0.299415;0.165765;1.374998;0.405597;-0.859460;0.307932;-0.157678;-0.376357;1492;0.204244;1.272724;0.332933;-0.816967;0.478950;0.107941;0.302525
NA;198004;135;0.069118;1.492932;0.090026;0.997151;0.056860;-0.038014;0.031826;0.172533;1.367141;0.430621;-0.928628;-0.204470;0.206473;0.230677;0.192090;1.358977;0.375130;-0.948109;0.110294;0.155832;0.254248;0.187494;1.306718;0.351481;-0.816732;0.476876;0.110820;0.305379;0.183207;1.369677;0.409528;-0.941826;-0.109793;0.210622;0.237797;0.162659;1.361581;0.449363;-0.928628;-0.204470;0.206473;0.230677;0.180153;1.328264;0.409535;-0.082596;-0.957840;0.256855;-0.098719;0.211719;1.351969;0.381714;-0.933835;-0.081009;0.229072;0.262518;0.201643;1.299804;0.355666;-0.816732;0.476876;0.110820;0.305379;0.191966;1.350666;0.418749;-0.573142;-0.739587;0.352089;0.023493;0.183426;1.322067;0.386111;-0.082596;-0.957840;0.256855;-0.098719;0.207979;1.312474;0.356872;-0.816732;0.476876;0.110820;0.305379;0.198629;1.301849;0.405558;-0.002691;-0.885684;0.438699;-0.151984;0.231597;1.319211;0.397423;-0.851700;-0.213946;0.370208;0.302953;0.220093;1.289051;0.366563;-0.751692;0.380879;0.096979;0.529610;0.208750;1.315000;0.416487;-0.471139;-0.755207;0.452399;0.055002;0.203290;1.298342;0.384885;-0.002691;-0.885684;0.438699;-0.151984;2023/05/01 13:57:27.6528;0.188821;1.313120;0.406699;0.011880;-0.922361;0.356271;-0.148934;0.223423;1.337431;0.389813;-0.903460;-0.166852;0.274850;0.283511;0.216003;1.293905;0.360853;-0.816732;0.476876;0.110820;0.305379;0.200868;1.331875;0.420074;-0.490972;-0.768968;0.407350;0.041236;0.194709;1.309776;0.383830;0.011880;-0.922361;0.356271;-0.148934;6e526951-250e-4037-8505-3204f70e406b;0.164962;1.358851;0.386806;-0.862110;0.306918;-0.155652;-0.371941;0.175608;1.306057;0.353693;-0.724606;0.550371;-0.069209;-0.408961;0.164480;1.333226;0.365926;-0.853611;0.402901;-0.147872;-0.295217;0.165628;1.375262;0.404423;-0.862110;0.306918;-0.155652;-0.371941;1503;0.204240;1.272980;0.332030;-0.816732;0.476876;0.110820;0.305379
NA;198005;136;0.068940;1.492907;0.090076;0.997125;0.056873;-0.038326;0.032223;0.173243;1.370094;0.429972;-0.935940;-0.156195;0.199711;0.244408;0.191791;1.359187;0.374278;-0.945231;0.124528;0.155126;0.258781;0.187322;1.306973;0.350503;-0.816416;0.475036;0.113700;0.308023;0.183302;1.370900;0.408444;-0.944167;-0.071765;0.205220;0.247553;0.164022;1.366517;0.449513;-0.935940;-0.156195;0.199711;0.244408;0.179467;1.328320;0.408465;-0.080432;-0.957290;0.258210;-0.102248;0.211354;1.352142;0.381016;-0.932399;-0.084485;0.233048;0.263026;0.201424;1.300032;0.354798;-0.816416;0.475036;0.113700;0.308023;0.191238;1.350674;0.417849;-0.570486;-0.740267;0.355097;0.021359;0.182920;1.322175;0.385054;-0.080432;-0.957290;0.258210;-0.102248;0.207771;1.312690;0.356083;-0.816416;0.475036;0.113700;0.308023;0.198000;1.301905;0.404560;0.000550;-0.885003;0.438675;-0.155993;0.231056;1.319333;0.396842;-0.849373;-0.217291;0.374475;0.301860;0.219771;1.289236;0.365839;-0.751209;0.378136;0.099478;0.531792;0.207996;1.315034;0.415627;-0.467805;-0.756223;0.454578;0.051429;0.202871;1.298446;0.383927;0.000550;-0.885003;0.438675;-0.155993;2023/05/01 13:57:27.6645;0.188213;1.313102;0.405453;0.018024;-0.921659;0.355663;-0.154028;0.222970;1.337576;0.389191;-0.901376;-0.171813;0.279618;0.282517;0.215736;1.294105;0.360103;-0.816416;0.475036;0.113700;0.308023;0.200037;1.331787;0.419121;-0.485520;-0.771389;0.409713;0.036950;0.194428;1.309945;0.382644;0.018024;-0.921659;0.355663;-0.154028;6e526951-250e-4037-8505-3204f70e406b;0.164751;1.359206;0.385560;-0.864634;0.305979;-0.153841;-0.367584;0.175415;1.306328;0.352605;-0.725471;0.552653;-0.067560;-0.404603;0.164309;1.333570;0.364691;-0.854921;0.404021;-0.145382;-0.291102;0.165454;1.375555;0.403233;-0.864634;0.305979;-0.153841;-0.367584;1515;0.204188;1.273239;0.331149;-0.816416;0.475036;0.113700;0.308023
NA;198006;137;0.068764;1.492873;0.090120;0.997088;0.057111;-0.038625;0.032574;0.173369;1.369176;0.433223;-0.939673;-0.130125;0.189028;0.253674;0.190794;1.357326;0.377154;-0.945249;0.127594;0.149240;0.260675;0.186536;1.305529;0.352442;-0.821329;0.467575;0.111738;0.307095;0.182794;1.369163;0.411396;-0.945776;-0.052240;0.195540;0.254052;0.164813;1.366611;0.453221;-0.939673;-0.130125;0.189028;0.253674;0.178566;1.325736;0.410792;-0.072702;-0.958360;0.257842;-0.098881;0.210392;1.350248;0.383754;-0.932044;-0.094397;0.230072;0.263535;0.200669;1.298573;0.356607;-0.821329;0.467575;0.111738;0.307095;0.190293;1.347951;0.420554;-0.564173;-0.745859;0.353277;0.024475;0.181969;1.319990;0.387272;-0.072702;-0.958360;0.257842;-0.098881;0.206965;1.311232;0.358123;-0.821329;0.467575;0.111738;0.307095;0.197252;1.299513;0.406392;0.007880;-0.885958;0.438300;-0.151357;0.230247;1.317248;0.398981;-0.848003;-0.226150;0.371173;0.303276;0.219075;1.287660;0.367453;-0.755745;0.371360;0.095328;0.530900;0.207207;1.312487;0.417678;-0.461502;-0.761224;0.452263;0.054882;0.202093;1.296423;0.385694;0.007880;-0.885958;0.438300;-0.151357;2023/05/01 13:57:27.6747;0.187425;1.310562;0.407336;0.028134;-0.922322;0.354610;-0.150936;0.222077;1.335589;0.391661;-0.900049;-0.182548;0.277026;0.282568;0.215014;1.292613;0.361806;-0.821329;0.467575;0.111738;0.307095;0.199118;1.329026;0.421412;-0.477217;-0.777625;0.407466;0.039162;0.193687;1.307907;0.384476;0.028134;-0.922322;0.354610;-0.150936;6e526951-250e-4037-8505-3204f70e406b;0.163923;1.357176;0.388254;-0.867712;0.297233;-0.151891;-0.368316;0.174631;1.304798;0.354528;-0.729342;0.547444;-0.064274;-0.405259;0.163500;1.331853;0.367007;-0.857830;0.397724;-0.143013;-0.292388;0.164712;1.373190;0.406227;-0.867712;0.297233;-0.151891;-0.368316;1526;0.203538;1.272217;0.332491;-0.821329;0.467575;0.111738;0.307095
NA;198007;138;0.068616;1.492840;0.090164;0.997053;0.057337;-0.038928;0.032892;0.175689;1.370015;0.434183;-0.941628;-0.107672;0.181329;0.262419;0.192028;1.356954;0.377931;-0.944036;0.134685;0.143992;0.264428;0.187401;1.305343;0.352890;-0.822270;0.465945;0.107837;0.308446;0.184584;1.369215;0.412149;-0.946217;-0.034132;0.188295;0.260872;0.167668;1.368348;0.454495;-0.941628;-0.107672;0.181329;0.262419;0.179735;1.325130;0.411397;-0.071319;-0.958024;0.260833;-0.095234;0.211619;1.349739;0.384401;-0.931406;-0.097469;0.227564;0.266827;0.201512;1.298288;0.356956;-0.822270;0.465945;0.107837;0.308446;0.191634;1.347214;0.421248;-0.562493;-0.746675;0.353884;0.029048;0.182967;1.319482;0.387829;-0.071319;-0.958024;0.260833;-0.095234;0.207889;1.310902;0.358542;-0.822270;0.465945;0.107837;0.308446;0.198322;1.298894;0.406748;0.009065;-0.885251;0.440824;-0.148063;0.231377;1.316547;0.399334;-0.847218;-0.227770;0.369204;0.306645;0.219921;1.287212;0.367671;-0.755798;0.370383;0.091107;0.532246;0.208378;1.311753;0.418076;-0.459880;-0.761557;0.452860;0.058811;0.203053;1.295900;0.386010;0.009065;-0.885251;0.440824;-0.148063;2023/05/01 13:57:27.6863;0.188548;1.309928;0.407701;0.031206;-0.921706;0.357093;-0.148219;0.223266;1.334974;0.392166;-0.899001;-0.185804;0.275108;0.285639;0.215861;1.292220;0.362074;-0.822270;0.465945;0.107837;0.308446;0.200347;1.328225;0.421905;-0.474294;-0.778852;0.408169;0.042816;0.194736;1.307440;0.384802;0.031206;-0.921706;0.357093;-0.148219;6e526951-250e-4037-8505-3204f70e406b;0.165261;1.356946;0.388996;-0.870377;0.291850;-0.154102;-0.365404;0.175497;1.304665;0.354998;-0.731741;0.545284;-0.066166;-0.403537;0.164580;1.331745;0.367612;-0.859798;0.394367;-0.145063;-0.290136;0.166303;1.372800;0.407098;-0.870377;0.291850;-0.154102;-0.365404;1537;0.204158;1.272065;0.332682;-0.822270;0.465945;0.107837;0.308446
NA;198008;139;0.068465;1.492820;0.090192;0.997019;0.057621;-0.039151;0.033173;0.177840;1.370895;0.434954;-0.943040;-0.085422;0.173903;0.270439;0.193130;1.356632;0.378585;-0.942746;0.141832;0.139228;0.267825;0.188170;1.305191;0.353247;-0.823064;0.464457;0.104393;0.309754;0.186208;1.369321;0.412756;-0.946306;-0.016211;0.181412;0.267081;0.170364;1.370114;0.455526;-0.943040;-0.085422;0.173903;0.270439;0.180759;1.324589;0.411887;-0.070146;-0.957669;0.263596;-0.092018;0.212711;1.349291;0.384942;-0.930750;-0.100391;0.225462;0.269801;0.202258;1.298047;0.357227;-0.823064;0.464457;0.104393;0.309754;0.192812;1.346552;0.421819;-0.560924;-0.747381;0.354527;0.033112;0.183839;1.319027;0.388279;-0.070146;-0.957669;0.263596;-0.092018;0.208708;1.310617;0.358880;-0.823064;0.464457;0.104393;0.309754;0.199262;1.298348;0.407019;0.010185;-0.884574;0.443093;-0.145237;0.232372;1.315927;0.399616;-0.846428;-0.229283;0.367580;0.309635;0.220667;1.286822;0.367832;-0.755786;0.369457;0.087377;0.533530;0.209405;1.311103;0.418387;-0.458331;-0.761856;0.453474;0.062211;0.203901;1.295442;0.386249;0.010185;-0.884574;0.443093;-0.145237;2023/05/01 13:57:27.6975;0.189533;1.309366;0.407970;0.034116;-0.921095;0.359343;-0.145923;0.224319;1.334430;0.392580;-0.897955;-0.188887;0.273547;0.288393;0.216609;1.291880;0.362277;-0.823064;0.464457;0.104393;0.309754;0.201422;1.327508;0.422297;-0.471498;-0.779985;0.408899;0.045988;0.195665;1.307033;0.385039;0.034116;-0.921095;0.359343;-0.145923;6e526951-250e-4037-8505-3204f70e406b;0.166452;1.356756;0.389601;-0.872894;0.286846;-0.156014;-0.362541;0.176265;1.304564;0.355370;-0.733887;0.543502;-0.067769;-0.401774;0.165538;1.331668;0.368093;-0.861641;0.391329;-0.146803;-0.287898;0.167727;1.372456;0.407823;-0.872894;0.286846;-0.156014;-0.362541;1548;0.204705;1.271943;0.332818;-0.823064;0.464457;0.104393;0.309754
NA;198009;140;0.068321;1.492808;0.090225;0.997002;0.057747;-0.039468;0.033081;0.177306;1.372222;0.434738;-0.943866;-0.079792;0.172873;0.269935;0.192522;1.357678;0.378402;-0.942803;0.143808;0.139434;0.266458;0.187534;1.306080;0.353384;-0.821843;0.467415;0.104507;0.308505;0.185610;1.370495;0.412527;-0.946741;-0.012493;0.180948;0.266052;0.169938;1.371657;0.455356;-0.943866;-0.079792;0.172873;0.269935;0.180237;1.325808;0.411946;-0.074247;-0.957568;0.263083;-0.091317;0.212126;1.350393;0.384755;-0.931403;-0.097575;0.225135;0.268851;0.201634;1.298969;0.357378;-0.821843;0.467415;0.104507;0.308505;0.192311;1.347843;0.421692;-0.563993;-0.745502;0.353628;0.032956;0.183233;1.320068;0.388369;-0.074247;-0.957568;0.263083;-0.091317;0.208087;1.311551;0.358949;-0.821843;0.467415;0.104507;0.308505;0.198763;1.299543;0.407185;0.005995;-0.885069;0.442089;-0.145515;0.231850;1.317137;0.399590;-0.847736;-0.226605;0.367726;0.307850;0.220087;1.287823;0.368021;-0.754933;0.372495;0.088248;0.532481;0.208921;1.312395;0.418429;-0.461852;-0.760317;0.452612;0.061264;0.203335;1.296476;0.386422;0.005995;-0.885069;0.442089;-0.145515;2023/05/01 13:57:27.7087;0.189019;1.310582;0.408123;0.029616;-0.921556;0.358726;-0.145509;0.223764;1.335589;0.392458;-0.899035;-0.185763;0.273310;0.287279;0.216011;1.292842;0.362445;-0.821843;0.467415;0.104507;0.308505;0.200946;1.328838;0.422274;-0.475108;-0.778248;0.408068;0.045648;0.195057;1.308063;0.385187;0.029616;-0.921556;0.358726;-0.145509;6e526951-250e-4037-8505-3204f70e406b;0.165836;1.357888;0.389395;-0.871954;0.289153;-0.157905;-0.362151;0.175631;1.305463;0.355521;-0.731810;0.545955;-0.069438;-0.401952;0.164904;1.332653;0.368060;-0.860175;0.394132;-0.148224;-0.287731;0.167147;1.373697;0.407519;-0.871954;0.289153;-0.157905;-0.362151;1559;0.204048;1.272710;0.333143;-0.821843;0.467415;0.104507;0.308505
NA;198010;141;0.068143;1.492823;0.090248;0.997015;0.057446;-0.039601;0.033061;0.176750;1.373452;0.434490;-0.944568;-0.074947;0.172140;0.269337;0.191928;1.358670;0.378190;-0.942865;0.145438;0.139816;0.265150;0.186919;1.306926;0.353472;-0.820660;0.470169;0.104705;0.307402;0.185007;1.371597;0.412272;-0.947113;-0.009373;0.180732;0.265001;0.169467;1.373075;0.455142;-0.944568;-0.074947;0.172140;0.269337;0.179714;1.326969;0.411959;-0.078133;-0.957437;0.262618;-0.090782;0.211551;1.351437;0.384544;-0.931983;-0.094913;0.224954;0.267945;0.201028;1.299847;0.357483;-0.820660;0.470169;0.104705;0.307402;0.191807;1.349070;0.421531;-0.566868;-0.743695;0.352858;0.032709;0.182637;1.321057;0.388416;-0.078133;-0.957437;0.262618;-0.090782;0.207484;1.312439;0.358980;-0.820660;0.470169;0.104705;0.307402;0.198262;1.300675;0.407303;0.002019;-0.885502;0.441127;-0.145908;0.231331;1.318285;0.399535;-0.848917;-0.224102;0.367998;0.306096;0.219520;1.288774;0.368168;-0.754094;0.375296;0.089156;0.531551;0.208431;1.313621;0.418429;-0.465166;-0.758828;0.451853;0.060247;0.202776;1.297453;0.386551;0.002019;-0.885502;0.441127;-0.145908;2023/05/01 13:57:27.7204;0.188502;1.311743;0.408238;0.025180;-0.921947;0.358196;-0.145175;0.223216;1.336688;0.392310;-0.900031;-0.182727;0.273181;0.286230;0.215428;1.293757;0.362570;-0.820660;0.470169;0.104705;0.307402;0.200467;1.330106;0.422217;-0.478613;-0.776493;0.407354;0.045286;0.194451;1.309037;0.385300;0.025180;-0.921947;0.358196;-0.145175;6e526951-250e-4037-8505-3204f70e406b;0.165221;1.358960;0.389152;-0.871058;0.291440;-0.159485;-0.361780;0.175016;1.306320;0.355619;-0.729851;0.548321;-0.070848;-0.402048;0.164282;1.333589;0.367980;-0.858806;0.396813;-0.149383;-0.287536;0.166556;1.374873;0.407183;-0.871058;0.291440;-0.159485;-0.361780;1571;0.203417;1.273441;0.333415;-0.820660;0.470169;0.104705;0.307402
NA;198011;142;0.067979;1.492873;0.090268;0.997014;0.057268;-0.039851;0.033093;0.176180;1.374604;0.434216;-0.945176;-0.070671;0.171628;0.268685;0.191348;1.359617;0.377954;-0.942929;0.146802;0.140332;0.263895;0.186321;1.307736;0.353520;-0.819509;0.472750;0.104970;0.306421;0.184404;1.372637;0.411996;-0.947435;-0.006685;0.180700;0.263950;0.168966;1.374393;0.454895;-0.945176;-0.070671;0.171628;0.268685;0.179194;1.328077;0.411935;-0.081834;-0.957282;0.262194;-0.090380;0.210987;1.352432;0.384313;-0.932502;-0.092388;0.224889;0.267078;0.200438;1.300686;0.357550;-0.819509;0.472750;0.104970;0.306421;0.191302;1.350241;0.421342;-0.569574;-0.741953;0.352196;0.032393;0.182052;1.322002;0.388426;-0.081834;-0.957282;0.262194;-0.090380;0.206897;1.313287;0.358978;-0.819509;0.472750;0.104970;0.306421;0.197761;1.301754;0.407382;-0.001772;-0.885883;0.440203;-0.146390;0.230815;1.319377;0.399456;-0.849993;-0.221748;0.368370;0.304372;0.218965;1.289681;0.368279;-0.753268;0.377898;0.090091;0.530721;0.207939;1.314788;0.418397;-0.468303;-0.757383;0.451177;0.059177;0.202224;1.298382;0.386643;-0.001772;-0.885883;0.440203;-0.146390;2023/05/01 13:57:27.7306;0.187986;1.312855;0.408320;0.020818;-0.922276;0.357737;-0.144908;0.222676;1.337734;0.392142;-0.900952;-0.179779;0.273142;0.285234;0.214860;1.294630;0.362661;-0.819509;0.472750;0.104970;0.306421;0.199988;1.331321;0.422132;-0.482012;-0.774735;0.406735;0.044903;0.193850;1.309965;0.385383;0.020818;-0.922276;0.357737;-0.144908;6e526951-250e-4037-8505-3204f70e406b;0.164609;1.359981;0.388880;-0.870207;0.293697;-0.160815;-0.361415;0.174419;1.307141;0.355672;-0.727993;0.550613;-0.072050;-0.402071;0.163673;1.334482;0.367863;-0.857520;0.399389;-0.150332;-0.287313;0.165959;1.375993;0.406822;-0.870207;0.293697;-0.160815;-0.361415;1581;0.202807;1.274141;0.333644;-0.819509;0.472750;0.104970;0.306421
NA;198012;143;0.067849;1.492936;0.090278;0.997015;0.057003;-0.040057;0.033283;0.175744;1.375102;0.432031;-0.943627;-0.060894;0.177308;0.272806;0.191424;1.359357;0.376077;-0.940332;0.149529;0.147000;0.267971;0.186403;1.307432;0.351722;-0.816813;0.472302;0.110013;0.312481;0.184140;1.372714;0.409917;-0.945214;0.000210;0.186872;0.267673;0.168419;1.375395;0.452670;-0.943627;-0.060894;0.177308;0.272806;0.178530;1.327919;0.409910;-0.081786;-0.955663;0.265268;-0.098251;0.210917;1.352064;0.382753;-0.930028;-0.093087;0.233282;0.268258;0.200403;1.300297;0.355995;-0.816813;0.472302;0.110013;0.312481;0.190598;1.350049;0.419448;-0.567724;-0.740417;0.358788;0.027284;0.181729;1.321739;0.386472;-0.081786;-0.955663;0.265268;-0.098251;0.206939;1.312854;0.357500;-0.816813;0.472302;0.110013;0.312481;0.197026;1.301558;0.405790;0.000482;-0.883377;0.442478;-0.154463;0.230295;1.318933;0.398307;-0.846670;-0.221117;0.376050;0.304704;0.218708;1.289203;0.367064;-0.750103;0.375620;0.095369;0.535874;0.207109;1.314568;0.416921;-0.465844;-0.755656;0.457242;0.053878;0.201823;1.298110;0.385139;0.000482;-0.883377;0.442478;-0.154463;2023/05/01 13:57:27.7417;0.187308;1.312683;0.406504;0.021773;-0.920123;0.359861;-0.152968;0.222389;1.337317;0.390806;-0.898230;-0.179829;0.281346;0.285812;0.214720;1.294158;0.361367;-0.816813;0.472302;0.110013;0.312481;0.199187;1.331129;0.420448;-0.479851;-0.773167;0.412808;0.039316;0.193523;1.309684;0.383674;0.021773;-0.920123;0.359861;-0.152968;6e526951-250e-4037-8505-3204f70e406b;0.164528;1.359966;0.386484;-0.873322;0.295426;-0.156139;-0.354476;0.174459;1.306934;0.353665;-0.728639;0.555798;-0.068730;-0.394271;0.163706;1.334419;0.365520;-0.859460;0.402176;-0.145504;-0.280022;0.165794;1.375965;0.404445;-0.873322;0.295426;-0.156139;-0.354476;1593;0.202961;1.273644;0.332248;-0.816813;0.472302;0.110013;0.312481
NA;198013;144;0.067715;1.493003;0.090298;0.997033;0.056473;-0.040186;0.033481;0.175858;1.375326;0.432501;-0.943662;-0.056228;0.175287;0.274983;0.191399;1.359540;0.376483;-0.940361;0.148524;0.146365;0.268773;0.186349;1.307746;0.351854;-0.817856;0.470190;0.109262;0.313201;0.184147;1.372823;0.410359;-0.945061;0.002900;0.185295;0.269289;0.168672;1.375803;0.453185;-0.943662;-0.056228;0.175287;0.274983;0.178434;1.327837;0.410060;-0.078789;-0.955816;0.265678;-0.098097;0.210883;1.352198;0.383133;-0.929481;-0.096856;0.233327;0.268780;0.200339;1.300578;0.356100;-0.817856;0.470190;0.109262;0.313201;0.190482;1.349905;0.419766;-0.564933;-0.742361;0.359137;0.027781;0.181663;1.321795;0.386590;-0.078789;-0.955816;0.265678;-0.098097;0.206888;1.313120;0.357680;-0.817856;0.470190;0.109262;0.313201;0.196946;1.301545;0.405867;0.002881;-0.883312;0.442775;-0.153956;0.230226;1.318975;0.398529;-0.845807;-0.223699;0.375981;0.305300;0.218634;1.289411;0.367130;-0.750819;0.373610;0.094071;0.536505;0.207008;1.314502;0.417077;-0.463621;-0.756916;0.457359;0.054376;0.201769;1.298196;0.385205;0.002881;-0.883312;0.442775;-0.153956;2023/05/01 13:57:27.7524;0.187238;1.312628;0.406545;0.025404;-0.919997;0.359954;-0.152949;0.222339;1.337403;0.391118;-0.897343;-0.183470;0.281528;0.286107;0.214653;1.294399;0.361457;-0.817856;0.470190;0.109262;0.313201;0.199059;1.330987;0.420651;-0.476589;-0.775086;0.412977;0.039421;0.193516;1.309788;0.383712;0.025404;-0.919997;0.359954;-0.152949;6e526951-250e-4037-8505-3204f70e406b;0.164556;1.360169;0.386795;-0.874887;0.292426;-0.155719;-0.353289;0.174402;1.307251;0.353778;-0.730132;0.554641;-0.068115;-0.393246;0.163691;1.334715;0.365720;-0.860750;0.400270;-0.144971;-0.279065;0.165888;1.376052;0.404853;-0.874887;0.292426;-0.155719;-0.353289;1603;0.202894;1.274041;0.332227;-0.817856;0.470190;0.109262;0.313201
NA;198014;145;0.067598;1.493077;0.090308;0.997037;0.056261;-0.040374;0.033510;0.175918;1.375575;0.432896;-0.943675;-0.051843;0.173481;0.276939;0.191343;1.359750;0.376824;-0.940386;0.147558;0.145900;0.269470;0.186269;1.308072;0.351952;-0.818754;0.468316;0.108636;0.313880;0.184112;1.372965;0.410731;-0.944908;0.005414;0.183922;0.270728;0.168861;1.376224;0.453620;-0.943675;-0.051843;0.173481;0.276939;0.178308;1.327806;0.410161;-0.076079;-0.955938;0.266053;-0.098036;0.210818;1.352365;0.383452;-0.928949;-0.100329;0.233460;0.269228;0.200249;1.300874;0.356177;-0.818754;0.468316;0.108636;0.313880;0.190335;1.349816;0.420023;-0.562360;-0.744125;0.359496;0.028158;0.181568;1.321888;0.386664;-0.076079;-0.955938;0.266053;-0.098036;0.206810;1.313403;0.357824;-0.818754;0.468316;0.108636;0.313880;0.196836;1.301576;0.405912;0.004953;-0.883252;0.443004;-0.153589;0.230128;1.319059;0.398712;-0.845001;-0.226050;0.376037;0.305731;0.218533;1.289644;0.367174;-0.751426;0.371814;0.092963;0.537096;0.206876;1.314488;0.417194;-0.461644;-0.758028;0.457479;0.054696;0.201684;1.298312;0.385243;0.004953;-0.883252;0.443004;-0.153589;2023/05/01 13:57:27.7646;0.187138;1.312621;0.406550;0.028699;-0.919868;0.359999;-0.153037;0.222259;1.337525;0.391378;-0.896502;-0.186817;0.281807;0.286302;0.214559;1.294659;0.361521;-0.818754;0.468316;0.108636;0.313880;0.198902;1.330903;0.420804;-0.473588;-0.776831;0.413154;0.039394;0.193477;1.309924;0.383717;0.028699;-0.919868;0.359999;-0.153037;6e526951-250e-4037-8505-3204f70e406b;0.164552;1.360403;0.387042;-0.876295;0.289794;-0.155350;-0.352125;0.174319;1.307580;0.353858;-0.731449;0.553683;-0.067591;-0.392236;0.163649;1.335029;0.365872;-0.861885;0.398661;-0.144484;-0.278114;0.165943;1.376185;0.405184;-0.876295;0.289794;-0.155350;-0.352125;1615;0.202803;1.274441;0.332195;-0.818754;0.468316;0.108636;0.313880
NA;198015;146;0.067491;1.493150;0.090314;0.997050;0.056000;-0.040288;0.033642;0.175450;1.377019;0.430895;-0.941719;-0.042957;0.178142;0.282110;0.191122;1.360341;0.375114;-0.937448;0.151909;0.150621;0.274641;0.185857;1.308604;0.350391;-0.815568;0.468914;0.111970;0.320049;0.183740;1.373978;0.408820;-0.942477;0.012667;0.188684;0.275639;0.168322;1.378129;0.451575;-0.941719;-0.042957;0.178142;0.282110;0.177389;1.328574;0.408368;-0.077313;-0.954019;0.270192;-0.104244;0.210451;1.352811;0.382001;-0.926511;-0.099824;0.240525;0.271591;0.199714;1.301295;0.354820;-0.815568;0.468914;0.111970;0.320049;0.189457;1.350529;0.418299;-0.561363;-0.741795;0.366055;0.024817;0.180886;1.322508;0.384942;-0.077313;-0.954019;0.270192;-0.104244;0.206383;1.313765;0.356510;-0.815568;0.468914;0.111970;0.320049;0.195766;1.302223;0.404478;0.005509;-0.880490;0.446095;-0.160332;0.229279;1.319404;0.397639;-0.841842;-0.224622;0.383001;0.306851;0.217780;1.289946;0.366107;-0.747543;0.370895;0.096875;0.542431;0.205757;1.315102;0.415842;-0.459884;-0.755671;0.463587;0.050547;0.200862;1.298837;0.383888;0.005509;-0.880490;0.446095;-0.160332;2023/05/01 13:57:27.7753;0.186140;1.313329;0.404940;0.027809;-0.917475;0.363377;-0.159448;0.221663;1.337906;0.390128;-0.893837;-0.185974;0.288948;0.288060;0.213917;1.294970;0.360385;-0.815568;0.468914;0.111970;0.320049;0.197871;1.331574;0.419268;-0.472403;-0.774409;0.419361;0.035542;0.192721;1.310459;0.382196;0.027809;-0.917475;0.363377;-0.159448;6e526951-250e-4037-8505-3204f70e406b;0.164167;1.361330;0.384877;-0.878873;0.292317;-0.152085;-0.344967;0.173876;1.308240;0.352125;-0.732083;0.558395;-0.066144;-0.384545;0.163297;1.335862;0.363818;-0.863294;0.401916;-0.141238;-0.270627;0.165517;1.377147;0.402991;-0.878873;0.292317;-0.152085;-0.344967;1626;0.202316;1.274719;0.331018;-0.815568;0.468914;0.111970;0.320049
NA;198016;147;0.067410;1.493210;0.090315;0.997058;0.055738;-0.040370;0.033756;0.174598;1.376598;0.431069;-0.942956;-0.040911;0.175598;0.279866;0.190189;1.360058;0.375208;-0.938712;0.150877;0.149631;0.271416;0.185152;1.308343;0.350390;-0.817197;0.468224;0.111715;0.316979;0.182805;1.373581;0.408960;-0.943639;0.013223;0.186718;0.272961;0.167593;1.377746;0.451789;-0.942956;-0.040911;0.175598;0.279866;0.176733;1.328091;0.408418;-0.076895;-0.955050;0.267258;-0.102666;0.209584;1.352628;0.382018;-0.927560;-0.101631;0.238716;0.268920;0.199066;1.301108;0.354759;-0.817197;0.468224;0.111715;0.316979;0.188692;1.350103;0.418358;-0.561239;-0.743475;0.362844;0.024514;0.180185;1.322074;0.384974;-0.076895;-0.955050;0.267258;-0.102666;0.205667;1.313613;0.356456;-0.817197;0.468224;0.111715;0.316979;0.195267;1.301867;0.404418;0.005660;-0.882178;0.443394;-0.158532;0.228661;1.319302;0.397523;-0.843085;-0.226525;0.380991;0.304533;0.217236;1.289842;0.365965;-0.749707;0.370682;0.096201;0.539704;0.205209;1.314796;0.415767;-0.460291;-0.757386;0.460375;0.050532;0.200310;1.298534;0.383807;0.005660;-0.882178;0.443394;-0.158532;2023/05/01 13:57:27.7875;0.185578;1.312904;0.404918;0.028295;-0.918878;0.360584;-0.157612;0.220911;1.337774;0.390077;-0.894909;-0.187818;0.287013;0.285456;0.213325;1.294855;0.360266;-0.817197;0.468224;0.111715;0.316979;0.197224;1.331201;0.419249;-0.472353;-0.776210;0.416088;0.035385;0.192102;1.310105;0.382149;0.028295;-0.918878;0.360584;-0.157612;6e526951-250e-4037-8505-3204f70e406b;0.163240;1.360841;0.385083;-0.878421;0.289716;-0.152593;-0.348075;0.173179;1.307904;0.352161;-0.731418;0.557119;-0.065004;-0.387841;0.162458;1.335429;0.363954;-0.862792;0.400661;-0.141025;-0.274175;0.164600;1.376576;0.403268;-0.878421;0.289716;-0.152593;-0.348075;1638;0.201750;1.274598;0.330895;-0.817197;0.468224;0.111715;0.316979
NA;198017;148;0.067315;1.493267;0.090325;0.997060;0.055621;-0.040310;0.033940;0.173758;1.376216;0.431214;-0.944099;-0.039102;0.173330;0.277678;0.189294;1.359821;0.375280;-0.939908;0.149717;0.148847;0.268332;0.184472;1.308126;0.350379;-0.818678;0.467605;0.111513;0.314128;0.181894;1.373227;0.409075;-0.944715;0.013591;0.185003;0.270374;0.166863;1.377396;0.451968;-0.944099;-0.039102;0.173330;0.277678;0.176095;1.327675;0.408453;-0.076612;-0.955983;0.264549;-0.101202;0.208751;1.352487;0.382018;-0.928523;-0.103252;0.237053;0.266438;0.198439;1.300960;0.354694;-0.818678;0.467605;0.111513;0.314128;0.187954;1.349739;0.418397;-0.561188;-0.744965;0.359872;0.024230;0.179504;1.321698;0.384992;-0.076612;-0.955983;0.264549;-0.101202;0.204975;1.313498;0.356394;-0.818678;0.467605;0.111513;0.314128;0.194772;1.301564;0.404352;0.005603;-0.883738;0.440872;-0.156866;0.228058;1.319237;0.397404;-0.844229;-0.228285;0.379181;0.302300;0.216704;1.289774;0.365824;-0.751692;0.370497;0.095617;0.537168;0.204670;1.314543;0.415683;-0.460793;-0.758897;0.457381;0.050481;0.199763;1.298271;0.383721;0.005603;-0.883738;0.440872;-0.156866;2023/05/01 13:57:27.7977;0.185027;1.312539;0.404886;0.028635;-0.920176;0.357964;-0.155941;0.220184;1.337680;0.390016;-0.895901;-0.189492;0.285263;0.282983;0.212748;1.294776;0.360146;-0.818678;0.467605;0.111513;0.314128;0.196594;1.330886;0.419216;-0.472375;-0.777830;0.413042;0.035187;0.191497;1.309800;0.382094;0.028635;-0.920176;0.357964;-0.155941;6e526951-250e-4037-8505-3204f70e406b;0.162353;1.360407;0.385271;-0.877974;0.287217;-0.153127;-0.351027;0.172506;1.307617;0.352185;-0.730786;0.555868;-0.063952;-0.390989;0.161654;1.335048;0.364075;-0.862287;0.399479;-0.140845;-0.277561;0.163726;1.376064;0.403523;-0.877974;0.287217;-0.153127;-0.351027;1648;0.201199;1.274510;0.330770;-0.818678;0.467605;0.111513;0.314128
NA;198018;149;0.067229;1.493305;0.090317;0.997082;0.055460;-0.040063;0.033875;0.173936;1.379184;0.427915;-0.944606;-0.025944;0.172727;0.277870;0.189126;1.361641;0.372216;-0.938569;0.159167;0.148981;0.267504;0.184109;1.309548;0.348200;-0.814719;0.475147;0.111978;0.312935;0.181910;1.375684;0.405792;-0.944664;0.025141;0.184702;0.269931;0.167226;1.380904;0.448693;-0.944606;-0.025944;0.172727;0.277870;0.175997;1.330043;0.405966;-0.085940;-0.955226;0.264411;-0.101218;0.208598;1.354384;0.378994;-0.929592;-0.095107;0.237582;0.265269;0.198082;1.302429;0.352574;-0.814719;0.475147;0.111978;0.312935;0.187930;1.352252;0.415487;-0.568168;-0.739876;0.359487;0.023174;0.179282;1.323638;0.382600;-0.085940;-0.955226;0.264411;-0.101218;0.204646;1.314983;0.354037;-0.814719;0.475147;0.111978;0.312935;0.194629;1.303846;0.402233;-0.003556;-0.883788;0.440112;-0.158773;0.227912;1.321360;0.394849;-0.846726;-0.220175;0.380337;0.299870;0.216373;1.291397;0.363811;-0.748310;0.377942;0.098162;0.536244;0.204588;1.317010;0.413293;-0.468347;-0.754427;0.457343;0.048257;0.199518;1.300172;0.381642;-0.003556;-0.883788;0.440112;-0.158773;2023/05/01 13:57:27.8083;0.184911;1.314829;0.402600;0.019720;-0.920512;0.357128;-0.157256;0.220039;1.339692;0.387188;-0.897835;-0.181374;0.286240;0.281182;0.212403;1.296311;0.358067;-0.814719;0.475147;0.111978;0.312935;0.196540;1.333408;0.416575;-0.479679;-0.773557;0.412816;0.033187;0.191286;1.311682;0.379834;0.019720;-0.920512;0.357128;-0.157256;6e526951-250e-4037-8505-3204f70e406b;0.162220;1.362352;0.382419;-0.876482;0.290476;-0.158700;-0.349596;0.172150;1.309091;0.350065;-0.726390;0.560703;-0.068734;-0.391467;0.161364;1.336711;0.361571;-0.859426;0.404411;-0.145383;-0.276953;0.163780;1.378202;0.400488;-0.876482;0.290476;-0.158700;-0.349596;1659;0.200694;1.275582;0.329080;-0.814719;0.475147;0.111978;0.312935
NA;198019;150;0.067125;1.493369;0.090310;0.997109;0.055367;-0.039809;0.033522;0.172556;1.380239;0.425181;-0.942591;-0.020912;0.180714;0.280049;0.188467;1.362039;0.369885;-0.935883;0.161901;0.156986;0.270678;0.183498;1.309789;0.346186;-0.810940;0.476408;0.118097;0.318535;0.180816;1.376435;0.403213;-0.942284;0.029194;0.192795;0.272174;0.165593;1.382280;0.445846;-0.942591;-0.020912;0.180714;0.280049;0.174604;1.330716;0.403645;-0.088891;-0.953242;0.267282;-0.109493;0.207788;1.354723;0.377020;-0.927290;-0.093503;0.246573;0.265692;0.197352;1.302620;0.350840;-0.810940;0.476408;0.118097;0.318535;0.186498;1.352943;0.413173;-0.568279;-0.736757;0.365994;0.017216;0.178205;1.324063;0.380396;-0.088891;-0.953242;0.267282;-0.109493;0.203982;1.315141;0.352328;-0.810940;0.476408;0.118097;0.318535;0.193162;1.304435;0.400443;-0.004786;-0.881294;0.441890;-0.167424;0.226658;1.321718;0.393440;-0.843789;-0.218016;0.388956;0.298669;0.215415;1.291568;0.362474;-0.744374;0.377179;0.104979;0.540947;0.203018;1.317643;0.411542;-0.467927;-0.751484;0.463234;0.041598;0.198338;1.300543;0.379962;-0.004786;-0.881294;0.441890;-0.167424;2023/05/01 13:57:27.8195;0.183487;1.315453;0.400572;0.017015;-0.918373;0.358965;-0.165669;0.219014;1.340032;0.385509;-0.895487;-0.179393;0.295175;0.280702;0.211563;1.296458;0.356630;-0.810940;0.476408;0.118097;0.318535;0.195005;1.334097;0.414554;-0.479944;-0.770456;0.418736;0.026682;0.190164;1.312031;0.377932;0.017015;-0.918373;0.358965;-0.165669;6e526951-250e-4037-8505-3204f70e406b;0.161326;1.363032;0.379527;-0.877876;0.296374;-0.153494;-0.343417;0.171504;1.309427;0.347836;-0.725532;0.567391;-0.065634;-0.383880;0.160678;1.337216;0.358889;-0.859796;0.410116;-0.140193;-0.270004;0.162686;1.379013;0.397497;-0.877876;0.296374;-0.153494;-0.343417;1671;0.200176;1.275558;0.327637;-0.810940;0.476408;0.118097;0.318535
NA;198020;151;0.067035;1.493401;0.090319;0.997129;0.055121;-0.039650;0.033513;0.171242;1.381222;0.422581;-0.940614;-0.016462;0.188270;0.282009;0.187831;1.362419;0.367678;-0.933307;0.164371;0.164530;0.273587;0.182908;1.310024;0.344275;-0.807337;0.477551;0.123859;0.323745;0.179773;1.377143;0.400767;-0.939980;0.032802;0.200436;0.274202;0.164039;1.383555;0.443132;-0.940614;-0.016462;0.188270;0.282009;0.173282;1.331352;0.401434;-0.091678;-0.951309;0.269909;-0.117284;0.207007;1.355053;0.375148;-0.925064;-0.092041;0.255037;0.265971;0.196645;1.302812;0.349193;-0.807337;0.477551;0.123859;0.323745;0.185136;1.353599;0.410967;-0.568338;-0.733789;0.372040;0.011549;0.177178;1.324466;0.378301;-0.091678;-0.951309;0.269909;-0.117284;0.203336;1.315302;0.350709;-0.807337;0.477551;0.123859;0.323745;0.191765;1.305004;0.398731;-0.005933;-0.878893;0.443510;-0.175530;0.225453;1.322074;0.392092;-0.840965;-0.216002;0.397018;0.297487;0.214490;1.291746;0.361199;-0.740637;0.376427;0.111395;0.545299;0.201523;1.318254;0.409866;-0.467488;-0.748678;0.468710;0.035329;0.197208;1.300907;0.378360;-0.005933;-0.878893;0.443510;-0.175530;2023/05/01 13:57:27.8307;0.182131;1.316050;0.398641;0.014347;-0.916293;0.360692;-0.173500;0.218027;1.340367;0.383911;-0.893217;-0.177532;0.303542;0.280192;0.210750;1.296612;0.355263;-0.807337;0.477551;0.123859;0.323745;0.193545;1.334757;0.412625;-0.480221;-0.767449;0.424246;0.020597;0.189083;1.312366;0.376126;0.014347;-0.916293;0.360692;-0.173500;6e526951-250e-4037-8505-3204f70e406b;0.160475;1.363687;0.376758;-0.879013;0.302288;-0.148404;-0.337542;0.170884;1.309750;0.345718;-0.724600;0.573771;-0.062651;-0.376586;0.160027;1.337698;0.356332;-0.859993;0.415682;-0.135160;-0.263349;0.161633;1.379803;0.394620;-0.879013;0.302288;-0.148404;-0.337542;1681;0.199665;1.275550;0.326270;-0.807337;0.477551;0.123859;0.323745
NA;198021;152;0.066977;1.493470;0.090329;0.997136;0.054994;-0.039555;0.033637;0.169986;1.382154;0.420090;-0.938673;-0.012312;0.195441;0.283805;0.187216;1.362784;0.365574;-0.930818;0.166648;0.171712;0.276263;0.182335;1.310255;0.342447;-0.803878;0.478596;0.129329;0.328633;0.178772;1.377815;0.398428;-0.937738;0.036157;0.207693;0.276051;0.162556;1.384760;0.440528;-0.938673;-0.012312;0.195441;0.283805;0.172017;1.331952;0.399310;-0.094380;-0.949415;0.272319;-0.124688;0.206249;1.355376;0.373360;-0.922898;-0.090764;0.263105;0.266077;0.195956;1.303005;0.347615;-0.803878;0.478596;0.129329;0.328633;0.183827;1.354221;0.408847;-0.568345;-0.730954;0.377695;0.006082;0.176191;1.324840;0.376293;-0.094380;-0.949415;0.272319;-0.124688;0.202705;1.315465;0.349163;-0.803878;0.478596;0.129329;0.328633;0.190426;1.305554;0.397083;-0.007043;-0.876572;0.444988;-0.183191;0.224290;1.322428;0.390795;-0.838232;-0.214121;0.404638;0.296290;0.213593;1.291931;0.359976;-0.737063;0.375684;0.117482;0.549361;0.200091;1.318846;0.408250;-0.467042;-0.745983;0.473836;0.029357;0.196119;1.301262;0.376821;-0.007043;-0.876572;0.444988;-0.183191;2023/05/01 13:57:27.8419;0.180829;1.316623;0.396790;0.011614;-0.914264;0.362335;-0.180829;0.217072;1.340698;0.382380;-0.891009;-0.175802;0.311464;0.279620;0.209959;1.296771;0.353954;-0.803878;0.478596;0.129329;0.328633;0.192148;1.335392;0.410768;-0.480542;-0.764505;0.429408;0.014849;0.188032;1.312682;0.374397;0.011614;-0.914264;0.362335;-0.180829;6e526951-250e-4037-8505-3204f70e406b;0.159653;1.364325;0.374073;-0.879940;0.308287;-0.143330;-0.331846;0.170286;1.310065;0.343684;-0.723579;0.579983;-0.059704;-0.369444;0.159404;1.338163;0.353865;-0.860036;0.421208;-0.130171;-0.256860;0.160608;1.380582;0.391819;-0.879940;0.308287;-0.143330;-0.331846;1693;0.199162;1.275554;0.324966;-0.803878;0.478596;0.129329;0.328633
NA;198022;153;0.066932;1.493529;0.090362;0.997149;0.054914;-0.039208;0.033783;0.171018;1.382943;0.419612;-0.937782;-0.006965;0.194093;0.287829;0.187949;1.363220;0.365109;-0.929742;0.168666;0.170617;0.279323;0.182723;1.310725;0.341970;-0.802867;0.479121;0.127607;0.331004;0.179673;1.378393;0.397940;-0.936760;0.040531;0.206410;0.279701;0.163725;1.385781;0.440067;-0.937782;-0.006965;0.194093;0.287829;0.172562;1.332402;0.398777;-0.094540;-0.948644;0.275094;-0.124337;0.206939;1.355693;0.372884;-0.922032;-0.090958;0.263460;0.268651;0.196297;1.303388;0.347134;-0.802867;0.479121;0.127607;0.331004;0.184485;1.354594;0.408353;-0.567708;-0.730349;0.379790;0.007667;0.176693;1.325276;0.375757;-0.094540;-0.948644;0.275094;-0.124337;0.203132;1.315803;0.348692;-0.802867;0.479121;0.127607;0.331004;0.190823;1.305945;0.396607;-0.008163;-0.875325;0.447458;-0.183084;0.224784;1.322634;0.390310;-0.837442;-0.212873;0.405328;0.298472;0.213877;1.292202;0.359500;-0.735362;0.376233;0.116109;0.551553;0.200563;1.319190;0.407765;-0.467210;-0.744516;0.475894;0.030566;0.196476;1.301600;0.376344;-0.008163;-0.875325;0.447458;-0.183084;2023/05/01 13:57:27.8536;0.181296;1.317036;0.396266;0.010974;-0.913285;0.364797;-0.180870;0.217675;1.340948;0.381899;-0.890121;-0.175504;0.312206;0.281798;0.210271;1.297065;0.353480;-0.802867;0.479121;0.127607;0.331004;0.192699;1.335742;0.410260;-0.480190;-0.763542;0.431472;0.015892;0.188475;1.313050;0.373873;0.010974;-0.913285;0.364797;-0.180870;6e526951-250e-4037-8505-3204f70e406b;0.160434;1.364956;0.373549;-0.881686;0.306605;-0.144778;-0.328120;0.170672;1.310615;0.343196;-0.724551;0.580385;-0.061695;-0.366569;0.159982;1.338803;0.353332;-0.861122;0.420568;-0.131733;-0.253453;0.161552;1.381168;0.391326;-0.881686;0.306605;-0.144778;-0.328120;1704;0.199324;1.275914;0.324500;-0.802867;0.479121;0.127607;0.331004
NA;198023;154;0.066893;1.493577;0.090398;0.997161;0.054827;-0.039045;0.033764;0.171924;1.383718;0.419082;-0.936857;-0.001688;0.192999;0.291631;0.188586;1.363639;0.364607;-0.928645;0.170671;0.169814;0.282229;0.183048;1.311175;0.341465;-0.801820;0.479630;0.126220;0.333330;0.180459;1.378957;0.397409;-0.935751;0.044856;0.205390;0.283150;0.164757;1.386785;0.439550;-0.936857;-0.001688;0.192999;0.291631;0.173005;1.332837;0.398205;-0.094686;-0.947879;0.277691;-0.124292;0.207533;1.356003;0.372383;-0.921147;-0.091198;0.264081;0.270985;0.196575;1.303757;0.346636;-0.801820;0.479630;0.126220;0.333330;0.185027;1.354958;0.407821;-0.567025;-0.729767;0.381896;0.008895;0.177110;1.325695;0.375185;-0.094686;-0.947879;0.277691;-0.124292;0.203489;1.316129;0.348204;-0.801820;0.479630;0.126220;0.333330;0.191131;1.306331;0.396109;-0.009238;-0.874109;0.449741;-0.183253;0.225184;1.322845;0.389819;-0.836622;-0.211681;0.406229;0.300387;0.214096;1.292468;0.359019;-0.733681;0.376707;0.115061;0.553684;0.200935;1.319535;0.407259;-0.467346;-0.743088;0.477933;0.031436;0.196756;1.301931;0.375851;-0.009238;-0.874109;0.449741;-0.183253;2023/05/01 13:57:27.8643;0.181669;1.317438;0.395711;0.010344;-0.912322;0.367065;-0.181180;0.218182;1.341198;0.381402;-0.889217;-0.175249;0.313185;0.283718;0.210518;1.297350;0.352997;-0.801820;0.479630;0.126220;0.333330;0.193141;1.336088;0.409723;-0.479814;-0.762606;0.433516;0.016595;0.188836;1.313403;0.373324;0.010344;-0.912322;0.367065;-0.181180;6e526951-250e-4037-8505-3204f70e406b;0.161118;1.365567;0.372962;-0.883342;0.305251;-0.145937;-0.324394;0.170994;1.311140;0.342673;-0.725376;0.581037;-0.063447;-0.363595;0.160483;1.339418;0.352747;-0.862118;0.420193;-0.133002;-0.250004;0.162381;1.381742;0.390765;-0.883342;0.305251;-0.145937;-0.324394;1715;0.199445;1.276255;0.324024;-0.801820;0.479630;0.126220;0.333330
NA;198024;155;0.066826;1.493601;0.090436;0.997174;0.054697;-0.038844;0.033823;0.172272;1.382996;0.420324;-0.936131;-0.000155;0.190648;0.295487;0.188657;1.362979;0.365726;-0.928340;0.169452;0.167768;0.285176;0.182915;1.310740;0.342125;-0.803217;0.476364;0.123905;0.335511;0.180685;1.378202;0.398610;-0.935121;0.045510;0.203161;0.286712;0.165234;1.386122;0.440827;-0.936131;-0.000155;0.190648;0.295487;0.172911;1.331909;0.399060;-0.092244;-0.947534;0.280477;-0.122491;0.207571;1.355201;0.373439;-0.920124;-0.095199;0.263317;0.273813;0.196410;1.303224;0.347235;-0.803217;0.476364;0.123905;0.335511;0.185033;1.353900;0.408848;-0.564151;-0.731192;0.383343;0.011804;0.176945;1.324890;0.375990;-0.092244;-0.947534;0.280477;-0.122491;0.203374;1.315554;0.348914;-0.803217;0.476364;0.123905;0.335511;0.190948;1.305356;0.396707;-0.006843;-0.873222;0.452500;-0.180777;0.225087;1.321823;0.390590;-0.834871;-0.215209;0.405635;0.303540;0.213886;1.291759;0.359526;-0.734197;0.373693;0.111987;0.555669;0.200806;1.318424;0.407969;-0.464119;-0.744127;0.479252;0.034433;0.196517;1.301078;0.376407;-0.006843;-0.873222;0.452500;-0.180777;2023/05/01 13:57:27.8755;0.181515;1.316475;0.396398;0.012644;-0.911538;0.369927;-0.179144;0.218160;1.340276;0.382331;-0.887688;-0.179373;0.312696;0.286455;0.210328;1.296707;0.353546;-0.803217;0.476364;0.123905;0.335511;0.193061;1.334962;0.410564;-0.476600;-0.763758;0.434914;0.019385;0.188623;1.312556;0.373971;0.012644;-0.911538;0.369927;-0.179144;6e526951-250e-4037-8505-3204f70e406b;0.161189;1.364949;0.374076;-0.885800;0.299985;-0.145381;-0.322850;0.170860;1.310744;0.343326;-0.728587;0.577902;-0.062883;-0.362266;0.160457;1.338977;0.353636;-0.864449;0.416272;-0.132577;-0.248735;0.162554;1.380924;0.392050;-0.885800;0.299985;-0.145381;-0.322850;1726;0.199178;1.275908;0.324389;-0.803217;0.476364;0.123905;0.335511
NA;198025;156;0.066752;1.493593;0.090463;0.997190;0.054564;-0.038714;0.033716;0.171897;1.383163;0.420630;-0.934835;-0.000761;0.191851;0.298793;0.188439;1.363276;0.366022;-0.927573;0.166859;0.169135;0.288376;0.182637;1.311244;0.341978;-0.803918;0.472466;0.124282;0.339184;0.180368;1.378380;0.398936;-0.933896;0.044223;0.204471;0.289957;0.164816;1.386302;0.441117;-0.934835;-0.000761;0.191851;0.298793;0.172306;1.331915;0.398947;-0.088497;-0.946825;0.283333;-0.124149;0.207270;1.355361;0.373799;-0.918156;-0.100495;0.265855;0.276065;0.196066;1.303632;0.347121;-0.803918;0.472466;0.124282;0.339184;0.184439;1.353776;0.409008;-0.559643;-0.732918;0.386639;0.011913;0.176445;1.325033;0.375855;-0.088497;-0.946825;0.283333;-0.124149;0.203073;1.315919;0.348947;-0.803918;0.472466;0.124282;0.339184;0.190288;1.305366;0.396524;-0.002685;-0.871775;0.454971;-0.181669;0.224536;1.321782;0.390810;-0.831837;-0.219439;0.407944;0.305738;0.213417;1.292000;0.359446;-0.734096;0.369313;0.111514;0.558816;0.200108;1.318307;0.407965;-0.459244;-0.745322;0.482078;0.034502;0.195958;1.301214;0.376227;-0.002685;-0.871775;0.454971;-0.181669;2023/05/01 13:57:27.8867;0.180886;1.316476;0.396195;0.016811;-0.910189;0.372347;-0.180638;0.217739;1.340326;0.382646;-0.885078;-0.184531;0.315382;0.288303;0.209919;1.297009;0.353480;-0.803918;0.472466;0.124282;0.339184;0.192383;1.334802;0.410607;-0.471609;-0.765189;0.437841;0.019135;0.188118;1.312694;0.373784;0.016811;-0.910189;0.372347;-0.180638;6e526951-250e-4037-8505-3204f70e406b;0.160906;1.365309;0.374165;-0.888309;0.297016;-0.141796;-0.320285;0.170574;1.311291;0.343091;-0.731647;0.576456;-0.060111;-0.358857;0.160213;1.339492;0.353529;-0.866992;0.413667;-0.129415;-0.245878;0.162228;1.381127;0.392281;-0.888309;0.297016;-0.141796;-0.320285;1738;0.198875;1.276477;0.324094;-0.803918;0.472466;0.124282;0.339184
NA;198026;157;0.066660;1.493582;0.090494;0.997190;0.054528;-0.038667;0.033833;0.171509;1.383357;0.420841;-0.933556;-0.001200;0.193132;0.301948;0.188212;1.363574;0.366235;-0.926770;0.164501;0.170587;0.291441;0.182357;1.311735;0.341785;-0.804450;0.468851;0.124756;0.342746;0.180038;1.378576;0.399170;-0.932675;0.043126;0.205860;0.293050;0.164384;1.386516;0.441310;-0.933556;-0.001200;0.193132;0.301948;0.171698;1.331943;0.398760;-0.084997;-0.946092;0.286074;-0.125887;0.206961;1.355530;0.374078;-0.916195;-0.105570;0.268466;0.278151;0.195719;1.304033;0.346964;-0.804450;0.468851;0.124756;0.342746;0.183837;1.353678;0.409082;-0.555307;-0.734503;0.389869;0.011861;0.175945;1.325184;0.375651;-0.084997;-0.946092;0.286074;-0.125887;0.202767;1.316277;0.348928;-0.804450;0.468851;0.124756;0.342746;0.189631;1.305404;0.396290;0.001234;-0.870340;0.457303;-0.182704;0.223983;1.321765;0.390967;-0.828872;-0.223404;0.410313;0.307744;0.212947;1.292245;0.359328;-0.733875;0.365206;0.111215;0.561858;0.199409;1.318225;0.407901;-0.454584;-0.746389;0.484846;0.034379;0.195405;1.301367;0.375999;0.001234;-0.870340;0.457303;-0.182704;2023/05/01 13:57:27.8978;0.180259;1.316501;0.395928;0.020762;-0.908852;0.374623;-0.182251;0.217312;1.340392;0.382888;-0.882504;-0.189443;0.318139;0.289974;0.209508;1.297308;0.353375;-0.804450;0.468851;0.124756;0.342746;0.191700;1.334675;0.410576;-0.466811;-0.766498;0.440703;0.018702;0.187618;1.312845;0.373538;0.020762;-0.908852;0.374623;-0.182251;6e526951-250e-4037-8505-3204f70e406b;0.160617;1.365677;0.374167;-0.890631;0.294464;-0.138297;-0.317713;0.170286;1.311826;0.342809;-0.734456;0.575268;-0.057465;-0.355443;0.159964;1.340002;0.353354;-0.869340;0.411387;-0.126338;-0.242998;0.161889;1.381354;0.392409;-0.890631;0.294464;-0.138297;-0.317713;1748;0.198572;1.277024;0.323777;-0.804450;0.468851;0.124756;0.342746
NA;198027;158;0.066580;1.493576;0.090523;0.997191;0.054581;-0.038502;0.033887;0.171212;1.384889;0.418484;-0.932813;0.003814;0.196124;0.302294;0.188140;1.364611;0.364120;-0.925472;0.167533;0.174010;0.291812;0.182335;1.312609;0.340003;-0.802189;0.470929;0.127735;0.344097;0.179817;1.379884;0.396893;-0.931717;0.047181;0.209079;0.293195;0.164039;1.388296;0.438895;-0.932813;0.003814;0.196124;0.302294;0.171393;1.333171;0.396731;-0.088022;-0.945218;0.286523;-0.129304;0.206836;1.356597;0.372118;-0.915568;-0.103704;0.272204;0.277283;0.195657;1.304924;0.345309;-0.802189;0.470929;0.127735;0.344097;0.183490;1.354962;0.406985;-0.556485;-0.732596;0.391857;0.008700;0.175745;1.326229;0.373696;-0.088022;-0.945218;0.286523;-0.129304;0.202715;1.317171;0.347228;-0.802189;0.470929;0.127735;0.344097;0.189309;1.306596;0.394544;-0.001491;-0.869631;0.457170;-0.186377;0.223720;1.322930;0.389338;-0.828120;-0.221926;0.414165;0.305668;0.212806;1.293200;0.357853;-0.731862;0.366452;0.114872;0.562935;0.199028;1.319493;0.406120;-0.455814;-0.744704;0.486529;0.030639;0.195161;1.302385;0.374310;-0.001491;-0.869631;0.457170;-0.186377;2023/05/01 13:57:27.9085;0.179950;1.317700;0.394057;0.017637;-0.908232;0.374556;-0.185772;0.217119;1.341508;0.381091;-0.881983;-0.187652;0.321985;0.288475;0.209405;1.298225;0.351846;-0.802189;0.470929;0.127735;0.344097;0.191322;1.335968;0.408642;-0.468233;-0.764725;0.442407;0.015161;0.187398;1.313846;0.371730;0.017637;-0.908232;0.374556;-0.185772;6e526951-250e-4037-8505-3204f70e406b;0.160483;1.366828;0.371849;-0.890351;0.298122;-0.137253;-0.315531;0.170259;1.312728;0.340955;-0.732727;0.579017;-0.057056;-0.352980;0.159917;1.340997;0.351228;-0.868320;0.415311;-0.124973;-0.240666;0.161691;1.382623;0.389993;-0.890351;0.298122;-0.137253;-0.315531;1760;0.198594;1.277744;0.322338;-0.802189;0.470929;0.127735;0.344097
NA;198028;159;0.066500;1.493585;0.090566;0.997199;0.054545;-0.038421;0.033795;0.172160;1.384919;0.418678;-0.933090;0.006114;0.192484;0.303736;0.188683;1.364638;0.364182;-0.925845;0.167961;0.170803;0.292279;0.182691;1.312725;0.339924;-0.803118;0.470551;0.124770;0.343535;0.180591;1.379882;0.397026;-0.932058;0.048714;0.205626;0.294302;0.165168;1.388381;0.439143;-0.933090;0.006114;0.192484;0.303736;0.172047;1.333043;0.396731;-0.087781;-0.945480;0.287135;-0.126160;0.207412;1.356576;0.372054;-0.915847;-0.105230;0.269650;0.278280;0.196032;1.305007;0.345132;-0.803118;0.470551;0.124770;0.343535;0.184211;1.354784;0.407011;-0.556002;-0.733501;0.390777;0.011464;0.176256;1.326151;0.373654;-0.087781;-0.945480;0.287135;-0.126160;0.203114;1.317239;0.347054;-0.803118;0.470551;0.124770;0.343535;0.189929;1.306487;0.394388;-0.002393;-0.869874;0.458124;-0.182859;0.224347;1.322832;0.389071;-0.828528;-0.222779;0.411819;0.307109;0.213232;1.293220;0.357544;-0.732455;0.366761;0.111782;0.562584;0.199727;1.319340;0.405947;-0.456058;-0.745015;0.485624;0.033678;0.195631;1.302307;0.374105;-0.002393;-0.869874;0.458124;-0.182859;2023/05/01 13:57:27.9197;0.180567;1.317572;0.393972;0.016832;-0.908519;0.375587;-0.182329;0.217724;1.341445;0.380922;-0.882199;-0.188989;0.319638;0.289549;0.209806;1.298270;0.351572;-0.803118;0.470551;0.124770;0.343535;0.192035;1.335786;0.408550;-0.468276;-0.765178;0.441466;0.018089;0.187853;1.313738;0.371587;0.016832;-0.908519;0.375587;-0.182329;6e526951-250e-4037-8505-3204f70e406b;0.161041;1.366837;0.372101;-0.890779;0.295074;-0.139286;-0.316297;0.170620;1.312853;0.340943;-0.733788;0.576596;-0.058518;-0.354498;0.160349;1.341086;0.351382;-0.868840;0.412927;-0.126982;-0.241836;0.162371;1.382547;0.390310;-0.890779;0.295074;-0.139286;-0.316297;1771;0.198816;1.277902;0.322053;-0.803118;0.470551;0.124770;0.343535
NA;198029;160;0.066436;1.493587;0.090625;0.997199;0.054589;-0.038439;0.033726;0.173043;1.384985;0.418817;-0.933271;0.008498;0.189135;0.305225;0.189183;1.364680;0.364207;-0.926102;0.168508;0.167856;0.292858;0.183013;1.312849;0.339817;-0.803934;0.470150;0.122057;0.343150;0.181309;1.379907;0.397111;-0.932293;0.050378;0.202444;0.295479;0.166222;1.388510;0.439329;-0.933271;0.008498;0.189135;0.305225;0.172633;1.332938;0.396689;-0.087579;-0.945665;0.287821;-0.123315;0.207938;1.356569;0.371966;-0.916027;-0.106729;0.267410;0.279277;0.196369;1.305099;0.344938;-0.803934;0.470150;0.122057;0.343150;0.184861;1.354630;0.406997;-0.555485;-0.734308;0.389912;0.014008;0.176710;1.326090;0.373576;-0.087579;-0.945665;0.287821;-0.123315;0.203473;1.317317;0.346861;-0.803934;0.470150;0.122057;0.343150;0.190477;1.306404;0.394214;-0.003342;-0.870008;0.459149;-0.179604;0.224909;1.322749;0.388797;-0.828832;-0.223517;0.409729;0.308546;0.213610;1.293252;0.357228;-0.732936;0.366974;0.108951;0.562374;0.200352;1.319213;0.405756;-0.456309;-0.745188;0.484915;0.036541;0.196037;1.302247;0.373887;-0.003342;-0.870008;0.459149;-0.179604;2023/05/01 13:57:27.9309;0.181114;1.317466;0.393858;0.015915;-0.908719;0.376673;-0.179151;0.218272;1.341396;0.380737;-0.882314;-0.190287;0.317598;0.290593;0.210162;1.298325;0.351288;-0.803934;0.470150;0.122057;0.343150;0.192673;1.335628;0.408427;-0.468335;-0.765507;0.440714;0.020806;0.188244;1.313642;0.371421;0.015915;-0.908719;0.376673;-0.179151;6e526951-250e-4037-8505-3204f70e406b;0.161551;1.366855;0.372314;-0.891201;0.292144;-0.141108;-0.317020;0.170947;1.312988;0.340898;-0.734844;0.574249;-0.059814;-0.355900;0.160742;1.341185;0.351499;-0.869372;0.410597;-0.128798;-0.242927;0.162993;1.382481;0.390586;-0.891201;0.292144;-0.141108;-0.317020;1782;0.199008;1.278065;0.321756;-0.803934;0.470150;0.122057;0.343150
NA;198030;161;0.066377;1.493608;0.090694;0.997202;0.054566;-0.038419;0.033697;0.173871;1.385080;0.418911;-0.933371;0.010939;0.186029;0.306745;0.189647;1.364732;0.364201;-0.926266;0.169139;0.165130;0.293522;0.183305;1.312982;0.339688;-0.804656;0.469731;0.119552;0.342911;0.181981;1.379954;0.397157;-0.932444;0.052133;0.199491;0.296705;0.167214;1.388673;0.439465;-0.933371;0.010939;0.186029;0.306745;0.173162;1.332852;0.396615;-0.087406;-0.945789;0.288565;-0.120721;0.208422;1.356572;0.371859;-0.916126;-0.108204;0.265429;0.280274;0.196673;1.305198;0.344729;-0.804656;0.469731;0.119552;0.342911;0.185453;1.354494;0.406952;-0.554938;-0.735037;0.389224;0.016369;0.177119;1.326043;0.373468;-0.087406;-0.945789;0.288565;-0.120721;0.203800;1.317402;0.346654;-0.804656;0.469731;0.119552;0.342911;0.190966;1.306341;0.394025;-0.004321;-0.870055;0.460226;-0.176572;0.225416;1.322678;0.388517;-0.829048;-0.224168;0.407856;0.309971;0.213946;1.293292;0.356906;-0.733326;0.367108;0.106334;0.562279;0.200916;1.319107;0.405550;-0.456559;-0.745254;0.484364;0.039251;0.196391;1.302201;0.373658;-0.004321;-0.870055;0.460226;-0.176572;2023/05/01 13:57:27.9426;0.181603;1.317377;0.393720;0.014919;-0.908846;0.377796;-0.176197;0.218772;1.341359;0.380541;-0.882347;-0.191552;0.315811;0.291609;0.210480;1.298388;0.350996;-0.804656;0.469731;0.119552;0.342911;0.193250;1.335490;0.408280;-0.468401;-0.765738;0.440115;0.023343;0.188585;1.313556;0.371237;0.014919;-0.908846;0.377796;-0.176197;6e526951-250e-4037-8505-3204f70e406b;0.162020;1.366881;0.372495;-0.891620;0.289319;-0.142752;-0.317695;0.171245;1.313132;0.340827;-0.735894;0.571976;-0.060971;-0.357193;0.161103;1.341292;0.351585;-0.869913;0.408321;-0.130450;-0.243942;0.163566;1.382425;0.390828;-0.891620;0.289319;-0.142752;-0.317695;1794;0.199177;1.278232;0.321449;-0.804656;0.469731;0.119552;0.342911
NA;198031;162;0.066289;1.493645;0.090759;0.997205;0.054527;-0.038460;0.033617;0.173561;1.385618;0.418500;-0.934063;0.014207;0.185334;0.304921;0.189296;1.365088;0.363842;-0.926641;0.170934;0.165183;0.291262;0.183014;1.313208;0.339594;-0.804201;0.471897;0.119729;0.340938;0.181633;1.380411;0.396752;-0.933053;0.054480;0.199130;0.294603;0.166968;1.389324;0.439055;-0.934063;0.014207;0.185334;0.304921;0.172977;1.333288;0.396438;-0.090801;-0.946028;0.287068;-0.119907;0.208115;1.357009;0.371480;-0.917099;-0.106304;0.264738;0.278463;0.196420;1.305482;0.344627;-0.804201;0.471897;0.119729;0.340938;0.185238;1.355013;0.406638;-0.557238;-0.734239;0.387467;0.015730;0.176860;1.326343;0.373320;-0.090801;-0.946028;0.287068;-0.119907;0.203517;1.317714;0.346466;-0.804201;0.471897;0.119729;0.340938;0.190839;1.306797;0.393908;-0.008102;-0.870924;0.458797;-0.175876;0.225243;1.323234;0.388241;-0.830453;-0.222799;0.407347;0.307858;0.213754;1.293677;0.356797;-0.733358;0.369453;0.106982;0.560576;0.200788;1.319651;0.405336;-0.459290;-0.744688;0.482713;0.038488;0.196170;1.302537;0.373541;-0.008102;-0.870924;0.458797;-0.175876;2023/05/01 13:57:27.9543;0.181452;1.317813;0.393580;0.011603;-0.909653;0.376311;-0.175460;0.218528;1.341862;0.380201;-0.883572;-0.189843;0.315152;0.289722;0.210258;1.298737;0.350874;-0.804201;0.471897;0.119729;0.340938;0.193087;1.336030;0.408021;-0.470881;-0.765215;0.438411;0.022667;0.188351;1.313872;0.371092;0.011603;-0.909653;0.376311;-0.175460;6e526951-250e-4037-8505-3204f70e406b;0.161669;1.367136;0.372324;-0.890475;0.289814;-0.144656;-0.319588;0.170959;1.313329;0.340781;-0.734183;0.572560;-0.061947;-0.359601;0.160755;1.341486;0.351489;-0.868642;0.409244;-0.131887;-0.246144;0.163249;1.382726;0.390616;-0.890475;0.289814;-0.144656;-0.319588;1805;0.198919;1.278420;0.321452;-0.804201;0.471897;0.119729;0.340938
NA;198032;163;0.066192;1.493663;0.090811;0.997204;0.054510;-0.038527;0.033591;0.173273;1.386124;0.418099;-0.934664;0.017275;0.184704;0.303298;0.188976;1.365428;0.363489;-0.926969;0.172531;0.165267;0.289219;0.182743;1.313433;0.339484;-0.803765;0.473857;0.119856;0.339199;0.181311;1.380843;0.396356;-0.933585;0.056637;0.198823;0.292711;0.166740;1.389938;0.438653;-0.934664;0.017275;0.184704;0.303298;0.172803;1.333703;0.396251;-0.093996;-0.946204;0.285777;-0.119143;0.207833;1.357422;0.371110;-0.917960;-0.104577;0.264127;0.276857;0.196183;1.305759;0.344509;-0.803765;0.473857;0.119856;0.339199;0.185038;1.355501;0.406326;-0.559331;-0.733479;0.385911;0.015174;0.176615;1.326628;0.373160;-0.093996;-0.946204;0.285777;-0.119143;0.203253;1.318015;0.346268;-0.803765;0.473857;0.119856;0.339199;0.190712;1.307227;0.393774;-0.011708;-0.871667;0.457570;-0.175185;0.225078;1.323752;0.387962;-0.831702;-0.221550;0.406912;0.305959;0.213569;1.294042;0.356669;-0.733350;0.371577;0.107540;0.559075;0.200662;1.320159;0.405112;-0.461810;-0.744112;0.481248;0.037825;0.195953;1.302851;0.373408;-0.011708;-0.871667;0.457570;-0.175185;2023/05/01 13:57:27.9645;0.181306;1.318227;0.393425;0.008481;-0.910352;0.375027;-0.174764;0.218302;1.342332;0.379864;-0.884659;-0.188292;0.314577;0.288037;0.210047;1.299070;0.350735;-0.803765;0.473857;0.119856;0.339199;0.192931;1.336536;0.407757;-0.473142;-0.764702;0.436900;0.022071;0.188126;1.314171;0.370934;0.008481;-0.910352;0.375027;-0.174764;6e526951-250e-4037-8505-3204f70e406b;0.161348;1.367379;0.372162;-0.889459;0.290085;-0.146434;-0.321357;0.170693;1.313529;0.340717;-0.732675;0.572970;-0.062844;-0.361862;0.160433;1.341680;0.351388;-0.867525;0.409926;-0.133244;-0.248210;0.162962;1.383004;0.390421;-0.889459;0.290085;-0.146434;-0.321357;1815;0.198673;1.278610;0.321426;-0.803765;0.473857;0.119856;0.339199
NA;198033;164;0.066077;1.493668;0.090864;0.997203;0.054533;-0.038552;0.033566;0.172457;1.386364;0.418007;-0.932940;0.017242;0.188035;0.306544;0.188482;1.365614;0.363507;-0.925490;0.171307;0.168486;0.292806;0.182137;1.313708;0.339336;-0.802692;0.471957;0.121489;0.343775;0.180633;1.381039;0.396326;-0.931866;0.055918;0.202280;0.295941;0.165807;1.390240;0.438511;-0.932940;0.017242;0.188035;0.306544;0.171846;1.333883;0.396009;-0.092286;-0.944921;0.289023;-0.122775;0.207224;1.357477;0.371272;-0.915837;-0.106367;0.268296;0.279188;0.195485;1.305941;0.344461;-0.802692;0.471957;0.121489;0.343775;0.184093;1.355587;0.406270;-0.556280;-0.733423;0.390457;0.013661;0.175819;1.326825;0.372940;-0.092286;-0.944921;0.289023;-0.122775;0.202616;1.318150;0.346311;-0.802692;0.471957;0.121489;0.343775;0.189603;1.307324;0.393665;-0.010141;-0.869526;0.460602;-0.177953;0.224120;1.323669;0.388200;-0.828690;-0.222843;0.410926;0.307820;0.212698;1.294093;0.356750;-0.731558;0.368777;0.108962;0.562986;0.199530;1.320173;0.405119;-0.458754;-0.743372;0.485399;0.036481;0.194959;1.302938;0.373331;-0.010141;-0.869526;0.460602;-0.177953;2023/05/01 13:57:27.9766;0.180276;1.318370;0.393235;0.010063;-0.908466;0.377972;-0.178115;0.217526;1.342307;0.380084;-0.882141;-0.189953;0.318802;0.290019;0.209257;1.299154;0.350797;-0.802692;0.471957;0.121489;0.343775;0.191867;1.336576;0.407724;-0.469994;-0.764243;0.441160;0.020405;0.187248;1.314303;0.370792;0.010063;-0.908466;0.377972;-0.178115;6e526951-250e-4037-8505-3204f70e406b;0.160723;1.367674;0.371980;-0.891477;0.289429;-0.142809;-0.317971;0.170077;1.313877;0.340460;-0.734582;0.573492;-0.060430;-0.357555;0.159857;1.342049;0.351112;-0.869429;0.409206;-0.130087;-0.244381;0.162264;1.383223;0.390310;-0.891477;0.289429;-0.142809;-0.317971;1827;0.198009;1.278822;0.321350;-0.802692;0.471957;0.121489;0.343775
NA;198034;165;0.065972;1.493677;0.090908;0.997194;0.054638;-0.038628;0.033579;0.171601;1.386475;0.418413;-0.931997;0.015900;0.190409;0.308017;0.187944;1.365846;0.363961;-0.924877;0.169132;0.170981;0.294556;0.181588;1.313998;0.339670;-0.802235;0.470455;0.122820;0.346419;0.179907;1.381191;0.396771;-0.930957;0.053936;0.204852;0.297400;0.164846;1.390337;0.438886;-0.931997;0.015900;0.190409;0.308017;0.171030;1.334055;0.396242;-0.090799;-0.944241;0.290609;-0.125339;0.206617;1.357641;0.371820;-0.914489;-0.108263;0.271141;0.280127;0.194884;1.306184;0.344858;-0.802235;0.470455;0.122820;0.346419;0.183245;1.355705;0.406654;-0.553792;-0.733929;0.393084;0.012178;0.175127;1.327023;0.373188;-0.090799;-0.944241;0.290609;-0.125339;0.202038;1.318370;0.346765;-0.802235;0.470455;0.122820;0.346419;0.188710;1.307461;0.393985;-0.009228;-0.868368;0.462178;-0.179564;0.223316;1.323755;0.388787;-0.826639;-0.224612;0.413660;0.308389;0.211989;1.294266;0.357221;-0.730728;0.366684;0.110052;0.565215;0.198600;1.320262;0.405522;-0.456549;-0.743284;0.487696;0.035277;0.194133;1.303069;0.373671;-0.009228;-0.868368;0.462178;-0.179564;2023/05/01 13:57:27.9868;0.179427;1.318531;0.393507;0.011250;-0.907421;0.379416;-0.180292;0.216824;1.342425;0.380665;-0.880496;-0.191744;0.321650;0.290693;0.208597;1.299347;0.351257;-0.802235;0.470455;0.122820;0.346419;0.190963;1.336678;0.408114;-0.467640;-0.764349;0.443538;0.018932;0.186503;1.314467;0.371096;0.011250;-0.907421;0.379416;-0.180292;6e526951-250e-4037-8505-3204f70e406b;0.160126;1.367931;0.372342;-0.892595;0.288904;-0.140372;-0.316393;0.169522;1.314199;0.340730;-0.735822;0.573490;-0.058665;-0.355294;0.159306;1.342369;0.351396;-0.870637;0.408430;-0.127990;-0.242477;0.161606;1.383428;0.390721;-0.892595;0.288904;-0.140372;-0.316393;1838;0.197460;1.279098;0.321711;-0.802235;0.470455;0.122820;0.346419
NA;198035;166;0.065871;1.493686;0.090953;0.997181;0.054764;-0.038751;0.033595;0.170791;1.386579;0.418775;-0.931102;0.014523;0.192634;0.309404;0.187440;1.366077;0.364367;-0.924309;0.166950;0.173338;0.296201;0.181068;1.314284;0.339966;-0.801788;0.469051;0.124037;0.348915;0.179220;1.381338;0.397171;-0.930095;0.051927;0.207277;0.298769;0.163935;1.390424;0.439218;-0.931102;0.014523;0.192634;0.309404;0.170264;1.334228;0.396435;-0.089395;-0.943589;0.292111;-0.127745;0.206046;1.357807;0.372313;-0.913201;-0.110088;0.273821;0.281011;0.194316;1.306425;0.345210;-0.801788;0.469051;0.124037;0.348915;0.182447;1.355826;0.406991;-0.551400;-0.734424;0.395556;0.010775;0.174478;1.327220;0.373394;-0.089395;-0.943589;0.292111;-0.127745;0.201492;1.318588;0.347171;-0.801788;0.469051;0.124037;0.348915;0.187868;1.307599;0.394260;-0.008461;-0.867266;0.463693;-0.181016;0.222558;1.323846;0.389315;-0.824676;-0.226327;0.416245;0.308909;0.211318;1.294440;0.357641;-0.729923;0.364731;0.111047;0.567320;0.197724;1.320356;0.405875;-0.454480;-0.743184;0.489856;0.034165;0.193351;1.303199;0.373963;-0.008461;-0.867266;0.463693;-0.181016;2023/05/01 13:57:27.9985;0.178629;1.318693;0.393737;0.012323;-0.906425;0.380796;-0.182309;0.216163;1.342548;0.381188;-0.878927;-0.193459;0.324335;0.291322;0.207973;1.299541;0.351667;-0.801788;0.469051;0.124037;0.348915;0.190113;1.336784;0.408454;-0.465413;-0.764439;0.445774;0.017553;0.185801;1.314629;0.371356;0.012323;-0.906425;0.380796;-0.182309;6e526951-250e-4037-8505-3204f70e406b;0.159571;1.368184;0.372671;-0.893628;0.288385;-0.138144;-0.314927;0.168998;1.314516;0.340968;-0.737003;0.573426;-0.057074;-0.353202;0.158790;1.342682;0.351650;-0.871773;0.407640;-0.126100;-0.240707;0.160996;1.383631;0.391096;-0.893628;0.288385;-0.138144;-0.314927;1849;0.196938;1.279370;0.322029;-0.801788;0.469051;0.124037;0.348915
NA;198036;167;0.065784;1.493664;0.091024;0.997171;0.054834;-0.038805;0.033717;0.170984;1.387872;0.416825;-0.929115;0.016085;0.198708;0.311451;0.188118;1.366949;0.362737;-0.921921;0.168994;0.178750;0.299252;0.181583;1.314981;0.338752;-0.797732;0.471637;0.127567;0.353426;0.179643;1.382479;0.395349;-0.927967;0.053017;0.213416;0.300865;0.163922;1.391876;0.437167;-0.929115;0.016085;0.198708;0.311451;0.170431;1.335457;0.394841;-0.092240;-0.941620;0.294920;-0.133662;0.206591;1.358616;0.370929;-0.911336;-0.106963;0.280097;0.282083;0.194722;1.307073;0.344191;-0.797732;0.471637;0.127567;0.353426;0.182618;1.357065;0.405372;-0.551888;-0.731296;0.400725;0.006749;0.174843;1.328229;0.371905;-0.092240;-0.941620;0.294920;-0.133662;0.201973;1.319200;0.346111;-0.797732;0.471637;0.127567;0.353426;0.187841;1.308730;0.393154;-0.011516;-0.864698;0.466083;-0.186902;0.222695;1.324696;0.388395;-0.822600;-0.222653;0.422412;0.308745;0.211524;1.295078;0.356894;-0.725605;0.365944;0.115652;0.571145;0.197678;1.321526;0.404743;-0.455494;-0.739490;0.494753;0.029994;0.193459;1.304087;0.372949;-0.011516;-0.864698;0.466083;-0.186902;2023/05/01 13:57:28.0087;0.178676;1.319885;0.392475;0.007565;-0.904243;0.383447;-0.187766;0.216512;1.343367;0.380037;-0.877277;-0.189550;0.330560;0.291865;0.208271;1.300148;0.350842;-0.797732;0.471637;0.127567;0.353426;0.190166;1.338041;0.407107;-0.467314;-0.760470;0.450685;0.013657;0.185969;1.315498;0.370195;0.007565;-0.904243;0.383447;-0.187766;6e526951-250e-4037-8505-3204f70e406b;0.160112;1.369281;0.370812;-0.894326;0.292318;-0.136214;-0.310127;0.169506;1.315313;0.339633;-0.735842;0.578128;-0.056677;-0.347982;0.159361;1.343629;0.349974;-0.871601;0.411562;-0.124256;-0.235561;0.161479;1.384842;0.389145;-0.894326;0.292318;-0.136214;-0.310127;1860;0.197355;1.279783;0.321292;-0.797732;0.471637;0.127567;0.353426
NA;198037;168;0.065700;1.493640;0.091096;0.997161;0.054916;-0.038834;0.033863;0.170598;1.388391;0.415674;-0.928585;0.017601;0.201356;0.311249;0.187988;1.367261;0.361751;-0.921140;0.170138;0.181483;0.299361;0.181499;1.315184;0.337988;-0.796147;0.472975;0.129795;0.354398;0.179363;1.382922;0.394261;-0.927351;0.053926;0.216255;0.300577;0.163453;1.392491;0.435968;-0.928585;0.017601;0.201356;0.311249;0.170154;1.335883;0.393853;-0.093656;-0.941051;0.294986;-0.136507;0.206420;1.358953;0.370056;-0.910822;-0.105999;0.282919;0.281291;0.194606;1.307290;0.343521;-0.796147;0.472975;0.129795;0.354398;0.182274;1.357528;0.404384;-0.551913;-0.730527;0.402129;0.003992;0.174671;1.328552;0.370970;-0.093656;-0.941051;0.294986;-0.136507;0.201864;1.319418;0.345416;-0.796147;0.472975;0.129795;0.354398;0.187544;1.309154;0.392410;-0.012969;-0.864187;0.465824;-0.189792;0.222425;1.325105;0.387754;-0.822030;-0.221637;0.425203;0.307158;0.211350;1.295342;0.356356;-0.724207;0.366671;0.118326;0.571905;0.197324;1.322004;0.403987;-0.456004;-0.738499;0.495933;0.027026;0.193237;1.304402;0.372251;-0.012969;-0.864187;0.465824;-0.189792;2023/05/01 13:57:28.0204;0.178384;1.320306;0.391640;0.005361;-0.903763;0.383339;-0.190356;0.216292;1.343741;0.379279;-0.876863;-0.188389;0.333397;0.290632;0.208126;1.300384;0.350266;-0.796147;0.472975;0.129795;0.354398;0.189810;1.338530;0.406239;-0.468076;-0.759347;0.451863;0.010883;0.185743;1.315778;0.369410;0.005361;-0.903763;0.383339;-0.190356;6e526951-250e-4037-8505-3204f70e406b;0.159901;1.369635;0.369707;-0.894149;0.294632;-0.134995;-0.308978;0.169417;1.315534;0.338811;-0.734613;0.580695;-0.055826;-0.346441;0.159229;1.343900;0.348969;-0.871095;0.413799;-0.122923;-0.234212;0.161200;1.385266;0.387986;-0.894149;0.294632;-0.134995;-0.308978;1871;0.197307;1.279883;0.320775;-0.796147;0.472975;0.129795;0.354398
NA;198038;169;0.065636;1.493607;0.091151;0.997127;0.055200;-0.038891;0.034336;0.170236;1.388903;0.414580;-0.928049;0.019257;0.203808;0.311152;0.187859;1.367565;0.360815;-0.920367;0.171293;0.184050;0.299516;0.181409;1.315387;0.337259;-0.794640;0.474205;0.131886;0.355362;0.179097;1.383354;0.393227;-0.926733;0.054969;0.218896;0.300381;0.163018;1.393102;0.434828;-0.928049;0.019257;0.203808;0.311152;0.169881;1.336289;0.392907;-0.094969;-0.940486;0.295124;-0.139172;0.206252;1.359277;0.369228;-0.910295;-0.105174;0.285591;0.280605;0.194485;1.307505;0.342879;-0.794640;0.474205;0.131886;0.355362;0.181939;1.357967;0.403443;-0.551843;-0.729833;0.403500;0.001422;0.174496;1.328862;0.370075;-0.094969;-0.940486;0.295124;-0.139172;0.201751;1.319633;0.344754;-0.794640;0.474205;0.131886;0.355362;0.187253;1.309556;0.391690;-0.014232;-0.863694;0.465554;-0.192587;0.222157;1.325496;0.387142;-0.821436;-0.220779;0.427900;0.305618;0.211173;1.295599;0.355840;-0.722865;0.367322;0.120834;0.572660;0.196976;1.322456;0.403260;-0.456374;-0.737613;0.497060;0.024142;0.193022;1.304702;0.371576;-0.014232;-0.863694;0.465554;-0.192587;2023/05/01 13:57:28.0316;0.178098;1.320704;0.390831;0.003434;-0.903288;0.383229;-0.192861;0.216075;1.344099;0.378558;-0.876413;-0.187436;0.336135;0.289450;0.207976;1.300616;0.349715;-0.794640;0.474205;0.131886;0.355362;0.189459;1.338988;0.405405;-0.468633;-0.758360;0.452998;0.008202;0.185525;1.316048;0.368650;0.003434;-0.903288;0.383229;-0.192861;6e526951-250e-4037-8505-3204f70e406b;0.159697;1.369985;0.368647;-0.893988;0.296891;-0.133799;-0.307798;0.169324;1.315754;0.338024;-0.733465;0.583148;-0.055030;-0.344877;0.159098;1.344169;0.348006;-0.870622;0.415946;-0.121639;-0.232830;0.160931;1.385682;0.386873;-0.893988;0.296891;-0.133799;-0.307798;1882;0.197249;1.279989;0.320279;-0.794640;0.474205;0.131886;0.355362
NA;198039;170;0.065530;1.493551;0.091187;0.997108;0.055424;-0.038934;0.034469;0.169893;1.389405;0.413532;-0.927510;0.020997;0.206107;0.311136;0.187731;1.367860;0.359922;-0.919600;0.172442;0.186483;0.299705;0.181314;1.315589;0.336558;-0.793198;0.475347;0.133865;0.356317;0.178841;1.383774;0.392237;-0.926116;0.056092;0.221381;0.300255;0.162610;1.393707;0.433735;-0.927510;0.020997;0.206107;0.311136;0.169613;1.336680;0.391996;-0.096193;-0.939925;0.295315;-0.141692;0.206086;1.359592;0.368437;-0.909759;-0.104461;0.288141;0.280001;0.194360;1.307718;0.342262;-0.793198;0.475347;0.133865;0.356317;0.181613;1.358386;0.402541;-0.551695;-0.729201;0.404842;-0.000998;0.174320;1.329163;0.369212;-0.096193;-0.939925;0.295315;-0.141692;0.201634;1.319846;0.344118;-0.793198;0.475347;0.133865;0.356317;0.186967;1.309939;0.390991;-0.015350;-0.863215;0.465277;-0.195299;0.221893;1.325873;0.386554;-0.820823;-0.220043;0.430514;0.304119;0.210992;1.295851;0.355343;-0.721570;0.367909;0.123206;0.573411;0.196631;1.322887;0.402557;-0.456634;-0.736808;0.498141;0.021333;0.192811;1.304991;0.370922;-0.015350;-0.863215;0.465277;-0.195299;2023/05/01 13:57:28.0428;0.177818;1.321083;0.390045;0.001721;-0.902816;0.383121;-0.195289;0.215859;1.344444;0.377868;-0.875936;-0.186646;0.338786;0.288312;0.207823;1.300845;0.349185;-0.793198;0.475347;0.133865;0.356317;0.189112;1.339422;0.404601;-0.469033;-0.757478;0.454096;0.005601;0.185313;1.316310;0.367911;0.001721;-0.902816;0.383121;-0.195289;6e526951-250e-4037-8505-3204f70e406b;0.159500;1.370329;0.367626;-0.893840;0.299093;-0.132625;-0.306600;0.169227;1.315974;0.337267;-0.732384;0.585502;-0.054277;-0.343300;0.158969;1.344437;0.347079;-0.870180;0.418011;-0.120396;-0.231428;0.160670;1.386091;0.385800;-0.893840;0.299093;-0.132625;-0.306600;1894;0.197182;1.280101;0.319799;-0.793198;0.475347;0.133865;0.356317
NA;198040;171;0.065415;1.493500;0.091195;0.997080;0.055723;-0.039130;0.034585;0.170761;1.389260;0.413836;-0.926395;0.019092;0.206181;0.314513;0.188486;1.367770;0.360175;-0.918679;0.171842;0.185577;0.303414;0.181748;1.315616;0.336640;-0.792691;0.474365;0.132147;0.359382;0.179704;1.383662;0.392530;-0.925090;0.054607;0.221240;0.303774;0.163466;1.393509;0.434046;-0.926395;0.019092;0.206181;0.314513;0.170116;1.336539;0.392067;-0.095195;-0.939016;0.298618;-0.141471;0.206776;1.359354;0.368683;-0.908417;-0.106016;0.288834;0.283043;0.194736;1.307641;0.342333;-0.792691;0.474365;0.132147;0.359382;0.182220;1.358132;0.402725;-0.549784;-0.729172;0.407486;0.000707;0.174799;1.329054;0.369268;-0.095195;-0.939016;0.298618;-0.141471;0.202088;1.319715;0.344235;-0.792691;0.474365;0.132147;0.359382;0.187299;1.309716;0.391038;-0.015611;-0.861645;0.468479;-0.194555;0.222342;1.325476;0.386711;-0.819141;-0.220577;0.431500;0.306856;0.211277;1.295624;0.355394;-0.720186;0.366894;0.121467;0.576166;0.197030;1.322574;0.402647;-0.455328;-0.735878;0.500632;0.022975;0.193091;1.304756;0.370957;-0.015611;-0.861645;0.468479;-0.194555;2023/05/01 13:57:28.0540;0.178208;1.320904;0.390107;0.001217;-0.901458;0.386658;-0.194594;0.216440;1.344113;0.378076;-0.874368;-0.187829;0.339736;0.291170;0.208146;1.300657;0.349249;-0.792691;0.474365;0.132147;0.359382;0.189604;1.339130;0.404726;-0.467722;-0.756701;0.456711;0.007369;0.185641;1.316096;0.367961;0.001217;-0.901458;0.386658;-0.194594;6e526951-250e-4037-8505-3204f70e406b;0.160220;1.370386;0.367873;-0.895421;0.297074;-0.132561;-0.303968;0.169663;1.316079;0.337338;-0.734456;0.584233;-0.054999;-0.340913;0.159563;1.344567;0.347239;-0.871616;0.416341;-0.120717;-0.228850;0.161472;1.386070;0.386109;-0.895421;0.297074;-0.132561;-0.303968;1904;0.197399;1.280075;0.319788;-0.792691;0.474365;0.132147;0.359382
NA;198041;172;0.065320;1.493436;0.091187;0.997065;0.055949;-0.039126;0.034648;0.171594;1.389159;0.414076;-0.925230;0.017341;0.206377;0.317896;0.189211;1.367702;0.360373;-0.917686;0.171394;0.184772;0.307142;0.182159;1.315662;0.336680;-0.792101;0.473433;0.130562;0.362480;0.180535;1.383585;0.392763;-0.924008;0.053301;0.221207;0.307305;0.164284;1.393363;0.434289;-0.925230;0.017341;0.206377;0.317896;0.170581;1.336431;0.392088;-0.094313;-0.938061;0.301931;-0.141366;0.207434;1.359142;0.368880;-0.907039;-0.107495;0.289664;0.286042;0.195087;1.307586;0.342366;-0.792101;0.473433;0.130562;0.362480;0.182786;1.357912;0.402856;-0.547929;-0.729047;0.410194;0.002301;0.175242;1.328972;0.369276;-0.094313;-0.938061;0.301931;-0.141366;0.202516;1.319605;0.344313;-0.792101;0.473433;0.130562;0.362480;0.187593;1.309527;0.391042;-0.015942;-0.860044;0.471649;-0.193954;0.222754;1.325110;0.386830;-0.817426;-0.221051;0.432626;0.309493;0.211531;1.295422;0.355414;-0.718733;0.365895;0.119879;0.578941;0.197387;1.322298;0.402695;-0.454058;-0.734885;0.503167;0.024461;0.193337;1.304549;0.370952;-0.015942;-0.860044;0.471649;-0.193954;2023/05/01 13:57:28.0646;0.178559;1.320756;0.390122;0.000660;-0.900068;0.390164;-0.194036;0.216986;1.343811;0.378241;-0.872764;-0.188968;0.340833;0.293952;0.208442;1.300493;0.349279;-0.792101;0.473433;0.130562;0.362480;0.190052;1.338871;0.404802;-0.466431;-0.755869;0.459374;0.008992;0.185935;1.315910;0.367964;0.000660;-0.900068;0.390164;-0.194036;6e526951-250e-4037-8505-3204f70e406b;0.160911;1.370471;0.368056;-0.896958;0.295238;-0.132437;-0.301266;0.170076;1.316203;0.337363;-0.736454;0.583091;-0.055699;-0.338434;0.160132;1.344718;0.347344;-0.872991;0.414837;-0.120973;-0.226190;0.162239;1.386082;0.386350;-0.896958;0.295238;-0.132437;-0.301266;1915;0.197597;1.280068;0.319745;-0.792101;0.473433;0.130562;0.362480
NA;198042;173;0.065240;1.493380;0.091181;0.997054;0.056207;-0.039061;0.034630;0.170405;1.388980;0.412914;-0.924015;0.015877;0.211155;0.318368;0.188550;1.367495;0.359404;-0.916523;0.170234;0.189349;0.308470;0.181639;1.315445;0.335687;-0.790934;0.472195;0.134132;0.365328;0.179569;1.383407;0.391695;-0.922730;0.051587;0.226076;0.307892;0.162891;1.393194;0.433050;-0.924015;0.015877;0.211155;0.318368;0.169563;1.336200;0.390880;-0.093294;-0.937143;0.302744;-0.146305;0.206678;1.358913;0.368093;-0.905367;-0.109221;0.294702;0.285536;0.194496;1.307352;0.341506;-0.790934;0.472195;0.134132;0.365328;0.181650;1.357675;0.401790;-0.545518;-0.729102;0.413301;-0.001679;0.174452;1.328713;0.368124;-0.093294;-0.937143;0.302744;-0.146305;0.201928;1.319360;0.343518;-0.790934;0.472195;0.134132;0.365328;0.186542;1.309299;0.390075;-0.015155;-0.858813;0.472181;-0.198129;0.221769;1.324874;0.386221;-0.815077;-0.222386;0.437278;0.308193;0.210797;1.295173;0.354729;-0.717492;0.363579;0.123294;0.581217;0.196227;1.322080;0.401808;-0.452020;-0.734476;0.505768;0.020564;0.192446;1.304264;0.370046;-0.015155;-0.858813;0.472181;-0.198129;2023/05/01 13:57:28.0773;0.177530;1.320534;0.389036;0.001274;-0.898855;0.390801;-0.198328;0.216114;1.343575;0.377560;-0.870814;-0.190502;0.345669;0.293094;0.207775;1.300243;0.348559;-0.790934;0.472195;0.134132;0.365328;0.188888;1.338648;0.403823;-0.464290;-0.755561;0.462100;0.005166;0.185089;1.315629;0.366953;0.001274;-0.898855;0.390801;-0.198328;6e526951-250e-4037-8505-3204f70e406b;0.160093;1.370317;0.366793;-0.897504;0.297352;-0.128006;-0.299472;0.169550;1.316008;0.336246;-0.736651;0.585018;-0.052237;-0.335218;0.159523;1.344536;0.346108;-0.873368;0.416586;-0.116623;-0.223793;0.161236;1.385950;0.385080;-0.897504;0.297352;-0.128006;-0.299472;1928;0.197179;1.279806;0.318944;-0.790934;0.472195;0.134132;0.365328
NA;198043;174;0.065189;1.493355;0.091191;0.997038;0.056395;-0.039153;0.034680;0.169352;1.389094;0.409754;-0.922992;0.016034;0.217365;0.317147;0.188125;1.367345;0.356577;-0.915107;0.171245;0.195314;0.308394;0.181413;1.315115;0.333203;-0.788387;0.473508;0.139184;0.367238;0.178781;1.383443;0.388673;-0.921531;0.051615;0.232348;0.306809;0.161594;1.393391;0.429781;-0.922992;0.016034;0.217365;0.317147;0.168835;1.336186;0.387961;-0.094239;-0.936183;0.302309;-0.152611;0.206164;1.358822;0.365504;-0.904126;-0.108578;0.300644;0.283513;0.194213;1.307062;0.339205;-0.788387;0.473508;0.139184;0.367238;0.180750;1.357736;0.398916;-0.544707;-0.728151;0.415972;-0.007607;0.173993;1.328572;0.365308;-0.094239;-0.936183;0.302309;-0.152611;0.201629;1.319083;0.341189;-0.788387;0.473508;0.139184;0.367238;0.185796;1.309307;0.387587;-0.016737;-0.857821;0.471524;-0.203788;0.221065;1.324916;0.384035;-0.813386;-0.222006;0.442932;0.304842;0.210379;1.294979;0.352668;-0.715364;0.363584;0.128849;0.582631;0.195343;1.322178;0.399333;-0.451881;-0.733190;0.507959;0.014609;0.191871;1.304103;0.367652;-0.016737;-0.857821;0.471524;-0.203788;2023/05/01 13:57:28.0885;0.176797;1.320531;0.386361;-0.000637;-0.897862;0.390191;-0.203947;0.215502;1.343553;0.375178;-0.869531;-0.189817;0.351446;0.290467;0.207418;1.300004;0.346432;-0.788387;0.473508;0.139184;0.367238;0.187980;1.338749;0.401153;-0.464205;-0.754243;0.464361;-0.000612;0.184552;1.315445;0.364387;-0.000637;-0.897862;0.390191;-0.203947;6e526951-250e-4037-8505-3204f70e406b;0.159576;1.370223;0.363709;-0.896796;0.302427;-0.124932;-0.297804;0.169321;1.315686;0.333651;-0.734799;0.589098;-0.050115;-0.332449;0.159205;1.344281;0.343222;-0.872221;0.421040;-0.113396;-0.221578;0.160540;1.386005;0.381878;-0.896796;0.302427;-0.124932;-0.297804;1939;0.197094;1.279345;0.316874;-0.788387;0.473508;0.139184;0.367238
NA;198044;175;0.065121;1.493331;0.091211;0.997035;0.056520;-0.039053;0.034669;0.168374;1.389186;0.406790;-0.921995;0.015939;0.223239;0.315967;0.187742;1.367209;0.353930;-0.913759;0.172048;0.200933;0.308335;0.181208;1.314816;0.330879;-0.785958;0.474708;0.143870;0.369086;0.178055;1.383472;0.385840;-0.920373;0.051408;0.238281;0.305765;0.160382;1.393551;0.426709;-0.921995;0.015939;0.223239;0.315967;0.168169;1.336169;0.385207;-0.094919;-0.935253;0.301903;-0.158577;0.205696;1.358739;0.363078;-0.902889;-0.108124;0.306237;0.281638;0.193950;1.306799;0.337050;-0.785958;0.474708;0.143870;0.369086;0.179917;1.357784;0.396213;-0.543722;-0.727360;0.418498;-0.013208;0.173584;1.328444;0.362651;-0.094919;-0.935253;0.301903;-0.158577;0.201354;1.318831;0.339007;-0.785958;0.474708;0.143870;0.369086;0.185103;1.309311;0.385239;-0.018195;-0.856835;0.470956;-0.209054;0.220410;1.324958;0.381983;-0.811690;-0.221807;0.448271;0.301684;0.209985;1.294805;0.350735;-0.713310;0.363561;0.134008;0.583999;0.194518;1.322266;0.397000;-0.451617;-0.732005;0.510029;0.009015;0.191336;1.303951;0.365394;-0.018195;-0.856835;0.470956;-0.209054;2023/05/01 13:57:28.0987;0.176119;1.320525;0.383838;-0.002377;-0.896874;0.389676;-0.209200;0.214938;1.343534;0.372943;-0.868238;-0.189313;0.356894;0.288011;0.207084;1.299786;0.344437;-0.785958;0.474708;0.143870;0.369086;0.187136;1.338836;0.398639;-0.463981;-0.753033;0.466505;-0.006035;0.184057;1.315272;0.361969;-0.002377;-0.896874;0.389676;-0.209200;6e526951-250e-4037-8505-3204f70e406b;0.159117;1.370142;0.360827;-0.896110;0.307164;-0.122119;-0.296185;0.169112;1.315394;0.331225;-0.733105;0.592830;-0.048226;-0.329825;0.158923;1.344052;0.340527;-0.871137;0.425159;-0.110461;-0.219452;0.159917;1.386063;0.378883;-0.896110;0.307164;-0.122119;-0.296185;1950;0.197011;1.278923;0.314936;-0.785958;0.474708;0.143870;0.369086
NA;198045;176;0.065094;1.493330;0.091220;0.997020;0.056586;-0.039217;0.034799;0.168973;1.388705;0.407831;-0.923090;0.014465;0.220126;0.315025;0.188066;1.366948;0.354788;-0.914945;0.171609;0.197690;0.307156;0.181380;1.314589;0.331720;-0.787066;0.475316;0.140583;0.367202;0.178556;1.383105;0.386805;-0.921565;0.049996;0.235207;0.304787;0.161075;1.392960;0.427811;-0.923090;0.014465;0.220126;0.315025;0.168748;1.335810;0.386126;-0.095942;-0.935922;0.301619;-0.154505;0.206094;1.358470;0.363780;-0.903989;-0.108352;0.302579;0.281974;0.194183;1.306570;0.337769;-0.787066;0.475316;0.140583;0.367202;0.180555;1.357409;0.397098;-0.544364;-0.728242;0.416204;-0.010311;0.173969;1.328097;0.363521;-0.095942;-0.935922;0.301619;-0.154505;0.201585;1.318607;0.339664;-0.787066;0.475316;0.140583;0.367202;0.185683;1.308975;0.386010;-0.020665;-0.857716;0.471199;-0.204619;0.220969;1.324659;0.382504;-0.813276;-0.221600;0.444881;0.302583;0.210318;1.294562;0.351278;-0.714323;0.365073;0.130763;0.582551;0.195192;1.321918;0.397709;-0.453276;-0.732308;0.508049;0.012301;0.191707;1.303612;0.366102;-0.020665;-0.857716;0.471199;-0.204619;2023/05/01 13:57:28.1094;0.176685;1.320180;0.384691;-0.004233;-0.897754;0.389931;-0.204874;0.215419;1.343250;0.373544;-0.869473;-0.189309;0.353330;0.288681;0.207365;1.299554;0.345012;-0.787066;0.475316;0.140583;0.367202;0.187810;1.338474;0.399433;-0.465245;-0.753523;0.464480;-0.002801;0.184410;1.314926;0.362747;-0.004233;-0.897754;0.389931;-0.204874;6e526951-250e-4037-8505-3204f70e406b;0.159442;1.369714;0.362181;-0.895788;0.303478;-0.125600;-0.299483;0.169289;1.315152;0.332196;-0.733763;0.589392;-0.050322;-0.334179;0.159109;1.343732;0.341744;-0.871352;0.421808;-0.113880;-0.223283;0.160384;1.385544;0.380309;-0.895788;0.303478;-0.125600;-0.299483;1960;0.197075;1.278745;0.315549;-0.787066;0.475316;0.140583;0.367202
NA;198046;177;0.065047;1.493330;0.091225;0.997014;0.056628;-0.039188;0.034927;0.167910;1.389300;0.406666;-0.921054;0.012537;0.226942;0.316227;0.187717;1.367470;0.353919;-0.913017;0.169966;0.204152;0.309570;0.181198;1.315126;0.330769;-0.785430;0.472981;0.145483;0.371784;0.177790;1.383675;0.385785;-0.919430;0.048058;0.242004;0.306224;0.159729;1.393580;0.426527;-0.921054;0.012537;0.226942;0.316227;0.167869;1.336297;0.384853;-0.093059;-0.934466;0.303303;-0.161620;0.205589;1.358937;0.363168;-0.901215;-0.111199;0.309643;0.282078;0.193889;1.307069;0.337000;-0.785430;0.472981;0.145483;0.371784;0.179518;1.357856;0.396071;-0.540042;-0.728538;0.421125;-0.015522;0.173433;1.328605;0.362323;-0.093059;-0.934466;0.303303;-0.161620;0.201300;1.319084;0.338998;-0.785430;0.472981;0.145483;0.371784;0.184724;1.309436;0.385029;-0.017997;-0.855668;0.472351;-0.210699;0.220091;1.325084;0.382108;-0.809326;-0.224170;0.451565;0.301378;0.209793;1.295014;0.350738;-0.712435;0.361185;0.135336;0.586230;0.194064;1.322359;0.396884;-0.449036;-0.732118;0.512175;0.006903;0.191009;1.304042;0.365210;-0.017997;-0.855668;0.472351;-0.210699;2023/05/01 13:57:28.1206;0.175765;1.320639;0.383553;-0.002071;-0.895752;0.391147;-0.211252;0.214726;1.343691;0.373066;-0.866196;-0.192227;0.360412;0.287848;0.206945;1.300014;0.344431;-0.785430;0.472981;0.145483;0.371784;0.186686;1.338902;0.398485;-0.461233;-0.753306;0.468752;-0.008146;0.183781;1.315350;0.361722;-0.002071;-0.895752;0.391147;-0.211252;6e526951-250e-4037-8505-3204f70e406b;0.158916;1.370297;0.360940;-0.896787;0.305790;-0.119296;-0.296708;0.169103;1.315726;0.331075;-0.734597;0.591428;-0.045537;-0.329405;0.158838;1.344316;0.340499;-0.872318;0.423300;-0.107924;-0.219617;0.159612;1.386135;0.379073;-0.896787;0.305790;-0.119296;-0.296708;1972;0.197011;1.279230;0.314827;-0.785430;0.472981;0.145483;0.371784
NA;198047;178;0.064985;1.493335;0.091212;0.997027;0.056452;-0.039023;0.035041;0.166927;1.389902;0.405493;-0.919039;0.011119;0.233351;0.317477;0.187390;1.367966;0.353044;-0.911071;0.168669;0.210244;0.311925;0.181027;1.315635;0.329819;-0.783788;0.470793;0.150150;0.376146;0.177080;1.384236;0.384756;-0.917313;0.046594;0.248398;0.307675;0.158488;1.394224;0.425237;-0.919039;0.011119;0.233351;0.317477;0.167045;1.336750;0.383565;-0.089971;-0.933061;0.304769;-0.168580;0.205109;1.359383;0.362537;-0.898485;-0.114090;0.316455;0.282074;0.193607;1.307542;0.336225;-0.783788;0.470793;0.150150;0.376146;0.178526;1.358271;0.395027;-0.535653;-0.728941;0.425786;-0.020670;0.172951;1.329090;0.361110;-0.089971;-0.933061;0.304769;-0.168580;0.201027;1.319534;0.338322;-0.783788;0.470793;0.150150;0.376146;0.183821;1.309865;0.384024;-0.015289;-0.853708;0.473305;-0.216636;0.219250;1.325493;0.381682;-0.805445;-0.226801;0.458043;0.300028;0.209287;1.295443;0.350185;-0.710557;0.357519;0.139712;0.589720;0.192986;1.322773;0.396032;-0.444781;-0.732027;0.516047;0.001509;0.190363;1.304445;0.364296;-0.015289;-0.853708;0.473305;-0.216636;2023/05/01 13:57:28.1317;0.174897;1.321062;0.382393;0.000120;-0.893813;0.392202;-0.217430;0.214065;1.344112;0.372563;-0.862954;-0.195250;0.367284;0.286863;0.206540;1.300450;0.343837;-0.783788;0.470793;0.150150;0.376146;0.185610;1.339296;0.397510;-0.457215;-0.753168;0.472772;-0.013423;0.183197;1.315742;0.360675;0.000120;-0.893813;0.392202;-0.217430;6e526951-250e-4037-8505-3204f70e406b;0.158415;1.370876;0.359665;-0.897613;0.308435;-0.113142;-0.293867;0.168931;1.316273;0.329956;-0.735261;0.593583;-0.040944;-0.324613;0.158589;1.344881;0.339243;-0.873084;0.425076;-0.102103;-0.215896;0.158866;1.386736;0.377787;-0.897613;0.308435;-0.113142;-0.293867;1982;0.196946;1.279686;0.314107;-0.783788;0.470793;0.150150;0.376146
NA;198048;179;0.064946;1.493352;0.091188;0.997025;0.056436;-0.038948;0.035191;0.167579;1.389309;0.406450;-0.918763;0.008413;0.231507;0.319700;0.187895;1.367686;0.353816;-0.911328;0.166081;0.208138;0.313971;0.181230;1.315529;0.330296;-0.784615;0.469174;0.146812;0.377759;0.177689;1.383767;0.385657;-0.917196;0.043757;0.246593;0.309886;0.159183;1.393514;0.426236;-0.918763;0.008413;0.231507;0.319700;0.167484;1.336286;0.384109;-0.087681;-0.932909;0.307106;-0.166373;0.205600;1.358963;0.363206;-0.897775;-0.116930;0.314993;0.284793;0.193794;1.307339;0.336612;-0.784615;0.469174;0.146812;0.377759;0.179053;1.357680;0.395718;-0.533209;-0.730279;0.426696;-0.017656;0.173308;1.328745;0.361593;-0.087681;-0.932909;0.307106;-0.166373;0.201271;1.319287;0.338752;-0.784615;0.469174;0.146812;0.377759;0.184135;1.309359;0.384404;-0.015021;-0.853001;0.476058;-0.213384;0.219639;1.324888;0.382097;-0.804479;-0.228596;0.456846;0.303067;0.209453;1.295084;0.350439;-0.710526;0.356401;0.136058;0.591287;0.193385;1.322157;0.396464;-0.443275;-0.732275;0.516968;0.004939;0.190551;1.303996;0.364619;-0.015021;-0.853001;0.476058;-0.213384;2023/05/01 13:57:28.1439;0.175266;1.320573;0.382815;0.001684;-0.893276;0.394805;-0.214907;0.214514;1.343588;0.373110;-0.861928;-0.197920;0.366096;0.289624;0.206712;1.300143;0.344131;-0.784615;0.469174;0.146812;0.377759;0.186065;1.338662;0.398044;-0.454948;-0.753977;0.473745;-0.010351;0.183476;1.315346;0.361041;0.001684;-0.893276;0.394805;-0.214907;6e526951-250e-4037-8505-3204f70e406b;0.158904;1.370628;0.360649;-0.898889;0.304580;-0.114193;-0.293581;0.169138;1.316216;0.330487;-0.737976;0.590014;-0.042079;-0.324815;0.158922;1.344783;0.340036;-0.874752;0.421314;-0.103613;-0.215795;0.159465;1.386359;0.378879;-0.898889;0.304580;-0.114193;-0.293581;1994;0.196941;1.279611;0.314297;-0.784615;0.469174;0.146812;0.377759
